42.15,-79.25,2010,11,38.70333333333334,7.0066666666666659,1
42.15,-79.25,2010,6,65.629999999999981,6.8900000000000006,6
42.15,-79.25,2010,10,48.677419354838712,7.5451612903225813,1
42.15,-79.25,2010,4,50.706666666666678,7.6733333333333338,1
42.15,-79.25,2010,12,22.251612903225805,9.4000000000000039,0
42.15,-79.25,2010,7,70.554838709677441,5.4225806451612906,7
42.15,-79.25,2010,9,59.62,6.8133333333333335,4
42.15,-79.25,2010,1,23.016129032258057,8.1806451612903217,0
42.15,-79.25,2010,5,58.654838709677421,7.1870967741935479,3
42.15,-79.25,2010,8,68.551724137931032,5.4999999999999991,1
42.15,-79.25,2010,2,23.159259259259258,7.9851851851851841,0
42.15,-79.25,2010,3,38.309677419354848,7.1290322580645151,0
42.159,-76.892,2010,10,49.154838709677421,4.7032258064516146,18
42.159,-76.892,2010,7,72.245161290322571,3.6709677419354838,10
42.159,-76.892,2010,9,61.61,4.36,11
42.159,-76.892,2010,11,38.756666666666653,4.2033333333333331,14
42.159,-76.892,2010,2,27.2,6.1357142857142852,2
42.159,-76.892,2010,5,60.319354838709678,4.97741935483871,15
42.159,-76.892,2010,1,24.122580645161296,5.1193548387096781,5
42.159,-76.892,2010,3,39.925806451612907,5.7516129032258068,13
42.159,-76.892,2010,4,50.836666666666666,5.2633333333333345,13
42.159,-76.892,2010,6,67.273333333333341,4.3566666666666674,18
42.159,-76.892,2010,8,69.816129032258061,3.5806451612903225,14
42.159,-76.892,2010,12,25.690322580645166,6.5032258064516117,2
43.067,-79.017,2010,1,25.06451612903226,,0
43.067,-79.017,2010,11,41.903333333333336,,0
43.067,-79.017,2010,7,74.122580645161293,,0
43.067,-79.017,2010,6,67.573333333333352,,0
43.067,-79.017,2010,9,63.565517241379311,,0
43.067,-79.017,2010,10,52.890322580645154,,0
43.067,-79.017,2010,8,72.480645161290312,,0
43.067,-79.017,2010,4,50.383333333333333,,0
43.067,-79.017,2010,2,26.714285714285719,,0
43.067,-79.017,2010,12,27.296774193548394,,0
43.067,-79.017,2010,5,59.622580645161293,,0
43.067,-79.017,2010,3,38.329032258064515,,0
42.571,-77.713,2010,2,27.439285714285717,5.3678571428571429,1
42.571,-77.713,2010,5,62.383870967741935,5.5483870967741939,12
42.571,-77.713,2010,7,74.190322580645187,4.4483870967741934,13
42.571,-77.713,2010,1,25.448387096774194,5.1419354838709666,4
42.571,-77.713,2010,11,41.179999999999993,5.3933333333333335,13
42.571,-77.713,2010,4,52.660000000000011,5.78,9
42.571,-77.713,2010,12,27.519354838709678,7.0322580645161272,4
42.571,-77.713,2010,8,71.700000000000017,4.4774193548387107,12
42.571,-77.713,2010,10,51.096774193548384,5.096774193548387,19
42.571,-77.713,2010,6,68.823333333333338,4.7500000000000009,16
42.571,-77.713,2010,3,39.480645161290312,5.6548387096774189,11
42.571,-77.713,2010,9,62.716666666666669,4.416666666666667,14
43.117,-77.677,2010,4,52.176666666666669,7.3433333333333319,13
43.117,-77.677,2010,1,24.412903225806449,8.2290322580645139,8
43.117,-77.677,2010,7,73.50645161290322,6.0354838709677416,13
43.117,-77.677,2010,12,26.241935483870964,8.6709677419354829,6
43.117,-77.677,2010,9,62.026666666666671,6.8566666666666665,17
43.117,-77.677,2010,5,60.919354838709687,6.5903225806451617,15
43.117,-77.677,2010,6,66.960000000000008,6.5666666666666664,17
43.117,-77.677,2010,2,26.1,8.2285714285714313,2
43.117,-77.677,2010,8,70.800000000000011,6.032258064516129,13
43.117,-77.677,2010,10,50.903225806451616,7.2612903225806438,22
43.117,-77.677,2010,11,39.873333333333342,6.3933333333333344,15
43.117,-77.677,2010,3,39.554838709677412,8.2258064516129039,12
42.207,-75.98,2010,5,60.148387096774194,6.7193548387096778,13
42.207,-75.98,2010,12,23.051612903225809,8.7709677419354843,5
42.207,-75.98,2010,4,51.126666666666672,7.06,13
42.207,-75.98,2010,2,24.339285714285712,8.20357142857143,2
42.207,-75.98,2010,11,39.046666666666667,7.2333333333333334,13
42.207,-75.98,2010,1,22.399999999999995,7.4096774193548383,4
42.207,-75.98,2010,7,72.08709677419354,5.6161290322580655,12
42.207,-75.98,2010,6,66.029999999999973,6.1166666666666663,20
42.207,-75.98,2010,9,61.533333333333331,6.7566666666666668,14
42.207,-75.98,2010,8,68.861290322580658,5.45483870967742,11
42.207,-75.98,2010,10,49.096774193548384,7.1,19
42.207,-75.98,2010,3,39.603225806451618,8.57741935483871,11
41.509,-74.265,2010,12,27.787096774193554,6.9645161290322584,3
41.509,-74.265,2010,8,71.499999999999986,3.5903225806451617,11
41.509,-74.265,2010,1,27.132258064516126,6.3903225806451616,5
41.509,-74.265,2010,2,29.815384615384623,7.0846153846153843,3
41.509,-74.265,2010,11,40.910000000000004,4.333333333333333,11
41.509,-74.265,2010,3,43.570967741935476,6.5967741935483879,12
41.509,-74.265,2010,9,64.820000000000007,4.3400000000000007,12
41.509,-74.265,2010,5,61.8258064516129,4.55483870967742,10
41.509,-74.265,2010,7,74.874193548387055,3.661290322580645,10
41.509,-74.265,2010,10,52.638709677419357,5.380645161290321,14
41.509,-74.265,2010,6,69.706666666666663,4.2333333333333325,14
41.509,-74.265,2010,4,53.49,5.1866666666666665,8
43.111,-76.104,2010,1,23.8483870967742,6.8935483870967751,8
43.111,-76.104,2010,8,71.380645161290346,5.4709677419354845,16
43.111,-76.104,2010,4,51.823333333333323,6.84,12
43.111,-76.104,2010,3,40.274193548387096,7.7354838709677418,15
43.111,-76.104,2010,12,25.983870967741932,8.2161290322580633,6
43.111,-76.104,2010,10,51.219354838709677,7.1258064516129025,19
43.111,-76.104,2010,5,61.474193548387092,6.435483870967742,14
43.111,-76.104,2010,11,40.390000000000008,6.3966666666666665,18
43.111,-76.104,2010,2,26.410714285714285,8.0535714285714288,7
43.111,-76.104,2010,9,63.353333333333339,6.76,17
43.111,-76.104,2010,7,74.606451612903243,5.8483870967741929,12
43.111,-76.104,2010,6,67.543333333333337,6.370000000000001,16
42.683,-79.05,2010,12,28.538709677419355,,0
42.683,-79.05,2010,7,73.17741935483869,,0
42.683,-79.05,2010,10,53.638709677419349,,0
42.683,-79.05,2010,2,25.653571428571428,,0
42.683,-79.05,2010,6,66.726666666666659,,0
42.683,-79.05,2010,9,63.737931034482756,,0
42.683,-79.05,2010,11,43.060000000000009,,0
42.683,-79.05,2010,4,48.342857142857142,,0
42.683,-79.05,2010,3,36.103225806451618,,0
42.683,-79.05,2010,8,72.064516129032285,,0
42.683,-79.05,2010,1,25.393548387096775,,0
42.683,-79.05,2010,5,57.916129032258063,,0
40.701,-74.014,2010,8,74.345454545454558,,0
40.701,-74.014,2010,11,48.553333333333327,,0
40.701,-74.014,2010,9,70.562068965517227,,0
40.701,-74.014,2010,12,33.567741935483859,,0
40.701,-74.014,2010,10,59.2774193548387,,0
42.44,-76.246,2010,6,64.746666666666641,,0
42.44,-76.246,2010,11,37.806666666666665,,0
42.44,-76.246,2010,10,47.732258064516131,,0
42.44,-76.246,2010,5,58.116129032258065,,0
42.44,-76.246,2010,4,48.03,,0
42.44,-76.246,2010,12,23.022580645161295,,0
42.44,-76.246,2010,3,36.567741935483866,,0
42.44,-76.246,2010,1,21.493548387096766,,0
42.44,-76.246,2010,2,23.964285714285708,,0
42.44,-76.246,2010,9,59.693333333333328,,0
42.44,-76.246,2010,7,69.41612903225807,,0
42.44,-76.246,2010,8,66.751612903225791,,0
43.267,-79.067,2010,11,42.736666666666672,7.6666666666666679,0
43.267,-79.067,2010,7,74.999999999999972,6.3032258064516125,0
43.267,-79.067,2010,8,73.100000000000009,6.225806451612903,0
43.267,-79.067,2010,4,49.243333333333332,7.2933333333333339,0
43.267,-79.067,2010,6,67.65666666666668,7.4433333333333325,0
43.267,-79.067,2010,3,38.580645161290334,6.4870967741935495,0
43.267,-79.067,2010,5,58.4483870967742,6.5129032258064514,0
43.267,-79.067,2010,10,54.322580645161288,9.4193548387096779,0
43.267,-79.067,2010,12,29.21935483870968,12.348387096774195,0
43.267,-79.067,2010,1,26.606451612903225,9.8548387096774182,0
43.267,-79.067,2010,2,28.592857142857138,9.57857142857143,0
43.267,-79.067,2010,9,64.063333333333318,8.0566666666666666,0
42.747,-73.799,2010,2,27.907142857142855,8.14642857142857,6
42.747,-73.799,2010,5,61.887096774193559,5.4451612903225808,10
42.747,-73.799,2010,7,75.296774193548373,5.354838709677419,12
42.747,-73.799,2010,3,41.322580645161288,7.2096774193548381,14
42.747,-73.799,2010,12,26.258064516129032,8.3516129032258082,4
42.747,-73.799,2010,11,39.840000000000011,5.9666666666666659,14
42.747,-73.799,2010,8,71.864516129032268,5.2161290322580633,14
42.747,-73.799,2010,10,51.054838709677426,6.18709677419355,19
42.747,-73.799,2010,9,64.873333333333335,5.8466666666666667,13
42.747,-73.799,2010,4,52.129999999999995,6.6466666666666665,10
42.747,-73.799,2010,6,68.310000000000016,5.71,18
42.747,-73.799,2010,1,24.970967741935485,7.3677419354838705,3
44.703,-75.495,2010,10,35.2,,0
44.703,-75.495,2010,12,24.864516129032257,,0
44.703,-75.495,2010,11,38.29,,0
40.794,-73.102,2010,5,61.680645161290329,7.493548387096773,9
40.794,-73.102,2010,3,45.083870967741944,9.8483870967741964,14
40.794,-73.102,2010,10,56.322580645161295,8.2967741935483872,14
40.794,-73.102,2010,6,71.493333333333311,6.8866666666666658,10
40.794,-73.102,2010,12,32.087096774193554,11.04516129032258,3
40.794,-73.102,2010,4,53.18333333333333,7.6866666666666665,9
40.794,-73.102,2010,2,31.828571428571426,9.7607142857142879,7
40.794,-73.102,2010,7,77.699999999999974,6.6387096774193557,10
40.794,-73.102,2010,9,68.536666666666648,8.0033333333333321,12
40.794,-73.102,2010,1,30.667741935483868,9.0290322580645146,7
40.794,-73.102,2010,8,74.390322580645162,7.3451612903225794,10
40.794,-73.102,2010,11,46.016666666666666,8.1233333333333331,10
41.073,-71.923,2010,1,31.90967741935485,8.4741935483870972,0
41.073,-71.923,2010,8,72.648387096774186,4.8838709677419345,0
41.073,-71.923,2010,2,33.071428571428569,8.860714285714284,0
41.073,-71.923,2010,5,58.651612903225811,5.4870967741935486,0
41.073,-71.923,2010,11,47.273333333333333,7.9166666666666652,0
41.073,-71.923,2010,10,57.78064516129033,7.8516129032258064,0
41.073,-71.923,2010,9,68.166666666666657,6.3800000000000017,0
41.073,-71.923,2010,12,34.267741935483862,10.206451612903225,0
41.073,-71.923,2010,6,68.386666666666656,4.573333333333335,0
41.073,-71.923,2010,7,75.216129032258053,4.274193548387097,0
41.073,-71.923,2010,4,51.146666666666661,5.6533333333333324,0
41.073,-71.923,2010,3,43.48387096774195,7.2000000000000011,0
40.639,-73.762,2010,4,54.75,9.5033333333333321,11
40.639,-73.762,2010,5,63.054838709677419,8.9806451612903224,10
40.639,-73.762,2010,1,31.996774193548394,11.483870967741936,7
40.639,-73.762,2010,11,47.66333333333332,10.203333333333335,10
40.639,-73.762,2010,10,58.5032258064516,10.445161290322581,12
40.639,-73.762,2010,9,70.36999999999999,9.69,10
40.639,-73.762,2010,8,76.0064516129032,8.1483870967741936,8
40.639,-73.762,2010,7,79.945161290322574,8.7096774193548416,8
40.639,-73.762,2010,12,33.141935483870967,13.077419354838709,3
40.639,-73.762,2010,6,73.940000000000026,8.8566666666666656,10
40.639,-73.762,2010,3,46.422580645161275,11.909677419354839,12
40.639,-73.762,2010,2,32.867857142857133,12.360714285714288,7
40.822,-72.869,2010,10,55.680645161290322,6.6290322580645151,12
40.822,-72.869,2010,11,45.303333333333335,6.4766666666666666,8
40.822,-72.869,2010,12,31.693548387096772,9.4322580645161285,3
40.822,-72.869,2010,8,73.712903225806457,5.4580645161290322,9
40.822,-72.869,2010,4,53.553333333333327,6.496666666666667,7
40.822,-72.869,2010,6,71.856666666666669,6.0833333333333339,11
40.822,-72.869,2010,3,45.22580645161289,7.1161290322580637,12
40.822,-72.869,2010,7,77.2103448275862,5.3137931034482762,13
40.822,-72.869,2010,5,61.767741935483869,6.4258064516129032,6
40.822,-72.869,2010,2,32.500000000000007,7.5249999999999986,6
40.822,-72.869,2010,1,30.838709677419352,7.5548387096774192,6
40.822,-72.869,2010,9,67.936666666666667,6.47,8
43.25,-77.583,2010,9,64.330000000000013,9.2466666666666661,0
43.25,-77.583,2010,4,50.019999999999996,9.0,0
43.25,-77.583,2010,5,58.054838709677412,7.2222222222222223,0
43.25,-77.583,2010,8,72.2290322580645,8.3258064516129036,0
43.25,-77.583,2010,2,27.971428571428572,10.882142857142858,0
43.25,-77.583,2010,12,28.20967741935484,12.041935483870965,0
43.25,-77.583,2010,11,42.809999999999981,10.133333333333333,0
43.25,-77.583,2010,1,26.49677419354839,10.716129032258063,0
43.25,-77.583,2010,7,74.429032258064524,7.861290322580647,0
43.25,-77.583,2010,10,53.586666666666659,11.35,0
43.25,-77.583,2010,6,67.18461538461537,9.01923076923077,0
43.25,-77.583,2010,3,39.174193548387095,10.496774193548385,0
41.067,-73.708,2010,5,62.148387096774194,6.1129032258064546,10
41.067,-73.708,2010,11,44.199999999999996,7.3833333333333355,10
41.067,-73.708,2010,9,67.413333333333327,6.0699999999999994,8
41.067,-73.708,2010,10,55.406451612903226,6.7032258064516128,11
41.067,-73.708,2010,6,71.21333333333331,5.2566666666666668,11
41.067,-73.708,2010,7,77.0225806451613,5.2516129032258068,11
41.067,-73.708,2010,12,30.154838709677421,10.999999999999998,3
41.067,-73.708,2010,8,73.141935483870952,5.02258064516129,9
41.067,-73.708,2010,4,54.160000000000004,6.9400000000000013,7
41.067,-73.708,2010,2,30.892857142857146,9.4571428571428555,4
41.067,-73.708,2010,3,44.687096774193556,9.0709677419354833,13
41.067,-73.708,2010,1,29.103225806451615,8.8838709677419363,5
40.783,-73.1,2010,8,75.3058823529412,7.3117647058823536,5
43.333,-73.6,2010,8,70.435294117647047,4.1,6
41.5,-74.1,2010,11,41.716666666666669,6.1899999999999986,9
41.5,-74.1,2010,2,29.621428571428567,9.525,3
41.5,-74.1,2010,12,27.925806451612903,8.8225806451612883,4
41.5,-74.1,2010,8,72.699999999999989,5.3580645161290334,9
41.5,-74.1,2010,4,54.56333333333334,7.3266666666666662,7
41.5,-74.1,2010,5,62.909677419354836,6.3354838709677415,8
41.5,-74.1,2010,6,70.773333333333355,5.8166666666666655,11
41.5,-74.1,2010,7,76.0258064516129,5.7548387096774194,8
41.5,-74.1,2010,9,66.2966666666667,6.2333333333333325,8
41.5,-74.1,2010,3,44.332258064516125,8.6032258064516132,10
41.5,-74.1,2010,1,27.306451612903228,7.9645161290322575,5
41.5,-74.1,2010,10,53.71290322580645,7.8387096774193541,11
44.385,-74.207,2010,2,19.517857142857142,5.2214285714285724,0
44.385,-74.207,2010,3,33.2225806451613,5.2967741935483863,7
44.385,-74.207,2010,9,56.48,4.7833333333333323,21
44.385,-74.207,2010,1,18.421428571428571,4.6321428571428571,2
44.385,-74.207,2010,4,44.053333333333335,4.53,12
44.385,-74.207,2010,6,60.240000000000009,3.8966666666666674,18
44.385,-74.207,2010,8,64.08064516129032,4.22258064516129,13
44.385,-74.207,2010,12,17.22258064516129,4.7387096774193553,3
44.385,-74.207,2010,5,55.441935483870957,4.3999999999999995,13
44.385,-74.207,2010,10,42.767741935483876,4.4806451612903224,18
44.385,-74.207,2010,11,32.543333333333322,4.0966666666666667,13
44.385,-74.207,2010,7,67.461290322580652,4.07741935483871,15
43.35,-76.385,2010,1,23.283870967741937,6.403225806451613,5
43.35,-76.385,2010,11,39.636666666666677,5.5066666666666659,19
43.35,-76.385,2010,9,61.349999999999994,5.083333333333333,16
43.35,-76.385,2010,4,50.283333333333331,6.296666666666666,12
43.35,-76.385,2010,8,69.341935483870969,3.7612903225806456,15
43.35,-76.385,2010,12,25.729032258064514,7.5677419354838706,4
43.35,-76.385,2010,5,59.151612903225804,5.1580645161290324,10
43.35,-76.385,2010,10,50.312903225806451,6.05483870967742,17
43.35,-76.385,2010,7,71.941935483870978,4.07741935483871,11
43.35,-76.385,2010,2,26.457692307692309,7.3269230769230766,5
43.35,-76.385,2010,3,38.896774193548396,6.8580645161290334,14
43.35,-76.385,2010,6,65.283333333333331,5.2099999999999991,17
43.35,-73.617,2010,1,22.5741935483871,3.6064516129032258,2
43.35,-73.617,2010,3,39.319354838709678,6.096774193548387,12
43.35,-73.617,2010,2,26.835714285714285,4.8857142857142852,4
43.35,-73.617,2010,5,59.683870967741925,4.3258064516129027,7
43.35,-73.617,2010,6,65.516666666666666,3.8899999999999997,14
43.35,-73.617,2010,4,49.973333333333336,4.5599999999999978,11
43.35,-73.617,2010,7,72.412903225806431,3.6741935483870973,10
43.267,-77.617,2010,3,38.9483870967742,,0
43.267,-77.617,2010,8,71.912903225806446,,0
43.267,-77.617,2010,5,57.816129032258068,,0
43.267,-77.617,2010,10,52.8741935483871,,0
43.267,-77.617,2010,4,49.466666666666676,,0
43.267,-77.617,2010,1,26.1483870967742,,0
43.267,-77.617,2010,9,63.41724137931034,,0
43.267,-77.617,2010,2,27.714285714285712,,0
43.267,-77.617,2010,6,66.386666666666656,,0
43.267,-77.617,2010,12,27.967741935483865,,0
43.267,-77.617,2010,7,74.080645161290334,,0
43.267,-77.617,2010,11,41.923333333333325,,0
41.786,-73.742,2010,2,28.053571428571431,,0
41.786,-73.742,2010,6,67.626666666666665,,0
41.786,-73.742,2010,3,42.377419354838707,,0
41.786,-73.742,2010,9,64.463333333333338,,0
41.786,-73.742,2010,1,25.261290322580646,,0
41.786,-73.742,2010,10,51.206451612903223,,0
41.786,-73.742,2010,11,40.29,,0
41.786,-73.742,2010,7,72.99677419354839,,0
41.786,-73.742,2010,8,69.461290322580638,,0
41.786,-73.742,2010,12,26.812903225806448,,0
41.786,-73.742,2010,4,52.166666666666671,,0
41.786,-73.742,2010,5,60.477419354838709,,0
42.109,-77.992,2010,11,37.816666666666663,6.8066666666666666,13
42.109,-77.992,2010,4,50.49,7.5566666666666675,11
42.109,-77.992,2010,2,22.303571428571431,9.4642857142857135,4
42.109,-77.992,2010,9,59.053333333333335,6.6833333333333336,14
42.109,-77.992,2010,10,47.829032258064508,7.87741935483871,19
42.109,-77.992,2010,3,37.354838709677409,7.17741935483871,11
42.109,-77.992,2010,8,66.783870967741947,5.0225806451612893,13
42.109,-77.992,2010,6,64.679999999999993,6.7166666666666641,16
42.109,-77.992,2010,5,58.167741935483875,6.9967741935483874,11
42.109,-77.992,2010,7,69.651612903225825,4.919354838709677,13
42.109,-77.992,2010,1,21.325806451612902,8.7064516129032228,4
42.109,-77.992,2010,12,21.661290322580641,9.6935483870967776,2
43.108,-78.938,2010,12,26.703225806451616,10.2,7
43.108,-78.938,2010,5,60.783870967741926,7.1580645161290315,19
43.108,-78.938,2010,3,38.08064516129032,7.95483870967742,11
43.108,-78.938,2010,2,26.132142857142856,8.6857142857142886,6
43.108,-78.938,2010,11,40.236666666666665,7.33,12
43.108,-78.938,2010,8,72.3741935483871,6.612903225806452,15
43.108,-78.938,2010,4,51.656666666666666,7.6966666666666672,11
43.108,-78.938,2010,9,62.663333333333334,8.1033333333333335,19
43.108,-78.938,2010,7,74.287096774193571,6.4612903225806448,12
43.108,-78.938,2010,6,67.903333333333336,7.3099999999999987,18
43.108,-78.938,2010,10,51.758064516129032,8.1903225806451623,17
43.108,-78.938,2010,1,24.43548387096774,9.7967741935483854,8
41.701,-74.795,2010,7,71.00322580645161,5.0935483870967753,4
41.701,-74.795,2010,6,66.123333333333349,5.4999999999999991,3
41.701,-74.795,2010,1,23.222580645161294,8.14516129032258,0
41.701,-74.795,2010,8,67.029032258064518,4.5677419354838715,3
41.701,-74.795,2010,11,38.343333333333341,6.9133333333333349,1
41.701,-74.795,2010,12,23.761290322580649,9.7709677419354826,0
41.701,-74.795,2010,4,50.343333333333327,7.1633333333333331,0
41.701,-74.795,2010,2,25.575,9.2857142857142847,0
41.701,-74.795,2010,10,49.745833333333337,6.6625,0
41.701,-74.795,2010,9,60.4,5.3481481481481472,0
41.701,-74.795,2010,5,61.681481481481484,5.3777777777777791,2
41.701,-74.795,2010,3,40.309677419354841,8.57741935483871,0
40.844,-72.632,2010,4,50.556666666666658,6.7033333333333323,7
40.844,-72.632,2010,7,75.761290322580663,5.4129032258064509,11
40.844,-72.632,2010,11,45.49,7.4866666666666664,10
40.844,-72.632,2010,3,42.706666666666678,8.240000000000002,14
40.844,-72.632,2010,8,72.896774193548382,6.3096774193548386,12
40.844,-72.632,2010,6,69.489999999999981,6.0966666666666667,8
40.844,-72.632,2010,9,67.533333333333346,7.0266666666666673,9
40.844,-72.632,2010,5,59.225806451612904,6.9290322580645158,9
40.844,-72.632,2010,12,31.786666666666665,9.6833333333333336,5
40.844,-72.632,2010,2,30.935714285714283,9.0392857142857181,6
40.844,-72.632,2010,10,55.354838709677423,7.612903225806452,16
40.844,-72.632,2010,1,29.177419354838708,8.35483870967742,8
41.626,-73.882,2010,9,65.683333333333351,3.5466666666666673,10
41.626,-73.882,2010,2,29.340740740740745,5.0444444444444443,3
41.626,-73.882,2010,7,76.164516129032265,3.3387096774193545,9
41.626,-73.882,2010,12,28.925806451612907,5.8032258064516125,3
41.626,-73.882,2010,3,43.454838709677418,5.6516129032258071,12
41.626,-73.882,2010,5,62.180645161290315,3.92258064516129,7
41.626,-73.882,2010,4,53.4,4.116666666666668,8
41.626,-73.882,2010,6,70.506666666666661,3.54,14
41.626,-73.882,2010,1,26.332258064516129,3.8354838709677415,4
41.626,-73.882,2010,11,41.483333333333334,4.0766666666666671,9
41.626,-73.882,2010,8,71.91612903225807,2.8451612903225802,13
41.626,-73.882,2010,10,53.235483870967741,4.4096774193548391,12
44.936,-74.846,2010,11,36.61,5.6733333333333329,12
44.936,-74.846,2010,12,23.500000000000007,6.4645161290322584,5
44.936,-74.846,2010,6,64.653333333333336,4.8766666666666669,22
44.936,-74.846,2010,9,60.95,5.996666666666667,19
44.936,-74.846,2010,1,20.590322580645164,6.9193548387096779,3
44.936,-74.846,2010,7,72.654838709677421,5.3354838709677423,13
44.936,-74.846,2010,8,68.777419354838713,5.04193548387097,12
44.936,-74.846,2010,3,37.445161290322581,7.5161290322580641,11
44.936,-74.846,2010,2,23.85,7.4250000000000007,6
44.936,-74.846,2010,4,49.346666666666671,6.2633333333333336,11
44.936,-74.846,2010,5,59.712903225806457,5.5064516129032253,12
44.936,-74.846,2010,10,47.63225806451613,6.3064516129032269,15
40.734,-73.417,2010,5,62.454838709677425,6.9806451612903233,9
40.734,-73.417,2010,8,75.309677419354827,6.8451612903225811,9
40.734,-73.417,2010,1,31.338709677419356,7.612903225806452,6
40.734,-73.417,2010,4,54.010000000000005,6.9533333333333331,8
40.734,-73.417,2010,12,31.693548387096772,8.8516129032258046,4
40.734,-73.417,2010,11,46.239999999999995,7.1433333333333335,10
40.734,-73.417,2010,3,45.806451612903231,8.8838709677419345,13
40.734,-73.417,2010,6,72.716666666666654,6.626666666666666,13
40.734,-73.417,2010,2,32.421428571428571,8.053571428571427,6
40.734,-73.417,2010,9,69.36333333333333,7.7033333333333323,9
40.734,-73.417,2010,10,57.06451612903227,7.2548387096774212,12
40.734,-73.417,2010,7,78.967741935483872,6.435483870967742,13
42.017,-73.917,2010,12,28.519354838709674,1.6047619047619048,0
42.017,-73.917,2010,5,63.209677419354847,1.08,0
42.017,-73.917,2010,3,43.509677419354837,1.4064516129032256,0
42.017,-73.917,2010,8,71.193548387096769,,0
42.017,-73.917,2010,4,54.03,1.6366666666666667,0
42.017,-73.917,2010,11,41.689655172413794,,0
42.017,-73.917,2010,7,74.696774193548379,,0
42.017,-73.917,2010,6,69.843333333333334,,0
42.017,-73.917,2010,1,28.692592592592593,1.2000000000000002,0
42.017,-73.917,2010,9,65.806666666666658,,0
42.017,-73.917,2010,2,30.342857142857149,1.4642857142857144,0
42.017,-73.917,2010,10,53.032258064516128,,0
41.05,-71.97,2010,5,57.693548387096769,,0
41.05,-71.97,2010,3,42.909677419354843,,0
41.05,-71.97,2010,9,66.2727272727273,,0
41.05,-71.97,2010,10,58.167741935483875,,0
41.05,-71.97,2010,7,73.538888888888877,,0
41.05,-71.97,2010,4,50.233333333333327,,0
41.05,-71.97,2010,11,47.903333333333329,,0
41.05,-71.97,2010,6,70.38000000000001,,0
41.05,-71.97,2010,12,34.974193548387106,,0
41.05,-71.97,2010,2,32.739285714285707,,0
41.05,-71.97,2010,8,72.51666666666668,,0
41.05,-71.97,2010,1,31.938709677419361,,0
40.779,-73.88,2010,5,65.600000000000009,8.554838709677421,10
40.779,-73.88,2010,7,82.2967741935484,7.6000000000000005,11
40.779,-73.88,2010,9,72.163333333333313,9.0366666666666671,10
40.779,-73.88,2010,4,57.203333333333326,8.49,8
40.779,-73.88,2010,10,60.21290322580645,9.6193548387096772,14
40.779,-73.88,2010,3,47.348387096774211,10.893548387096775,15
40.779,-73.88,2010,1,32.661290322580655,11.125806451612902,7
40.779,-73.88,2010,12,35.0483870967742,12.080645161290322,3
40.779,-73.88,2010,6,75.773333333333326,8.2666666666666657,13
40.779,-73.88,2010,8,78.016129032258078,7.6967741935483875,13
40.779,-73.88,2010,2,33.482142857142854,11.728571428571426,4
40.779,-73.88,2010,11,49.166666666666657,9.4766666666666666,10
40.779,-73.969,2010,10,58.20967741935484,5.5516129032258075,13
40.779,-73.969,2010,9,66.926666666666677,6.7700000000000005,17
40.779,-73.969,2010,6,74.109999999999985,4.3166666666666664,11
40.779,-73.969,2010,5,64.82580645161292,4.9258064516129032,9
40.779,-73.969,2010,3,47.71612903225806,6.9516129032258061,12
40.779,-73.969,2010,2,32.885714285714279,6.8428571428571416,3
40.779,-73.969,2010,8,70.49032258064517,7.9322580645161294,22
40.779,-73.969,2010,11,47.663333333333327,5.4366666666666665,11
40.779,-73.969,2010,12,32.825806451612905,7.209677419354839,8
40.779,-73.969,2010,4,57.143333333333324,5.5433333333333339,6
40.779,-73.969,2010,7,80.4548387096774,4.1161290322580655,12
40.779,-73.969,2010,1,32.238709677419351,6.1838709677419361,6
43.992,-76.022,2010,11,38.44666666666668,6.4333333333333327,15
43.992,-76.022,2010,8,69.951612903225808,5.6354838709677431,12
43.992,-76.022,2010,9,62.010000000000012,6.5800000000000018,21
43.992,-76.022,2010,6,64.713333333333338,5.6433333333333335,16
43.992,-76.022,2010,10,48.993548387096773,6.4645161290322584,17
43.992,-76.022,2010,1,21.619354838709679,6.2838709677419358,6
43.992,-76.022,2010,12,24.99677419354839,6.6774193548387109,5
43.992,-76.022,2010,3,37.712903225806443,7.6290322580645169,10
43.992,-76.022,2010,2,22.421428571428571,5.8357142857142845,4
43.992,-76.022,2010,4,49.313333333333325,6.0666666666666647,13
43.992,-76.022,2010,7,72.019354838709688,5.00967741935484,11
43.992,-76.022,2010,5,59.732258064516124,5.4870967741935468,13
42.493,-79.272,2010,5,60.783870967741933,6.6806451612903226,13
42.493,-79.272,2010,2,26.224999999999998,7.617857142857142,5
42.493,-79.272,2010,11,41.500000000000007,7.5166666666666657,13
42.493,-79.272,2010,10,52.348387096774189,8.0451612903225822,17
42.493,-79.272,2010,4,51.856666666666655,7.49,13
42.493,-79.272,2010,7,74.383870967741956,5.8419354838709676,9
42.493,-79.272,2010,12,27.709677419354836,10.119354838709681,4
42.493,-79.272,2010,6,68.533333333333317,6.8733333333333331,15
42.493,-79.272,2010,9,63.513333333333343,7.7133333333333338,13
42.493,-79.272,2010,1,25.612903225806448,8.435483870967742,5
42.493,-79.272,2010,3,38.258064516129025,6.6225806451612907,10
42.493,-79.272,2010,8,72.6774193548387,6.0258064516129037,10
42.941,-78.736,2010,3,37.622580645161293,8.5290322580645164,11
42.941,-78.736,2010,8,71.680645161290315,7.0612903225806454,16
42.941,-78.736,2010,10,51.406451612903211,8.00967741935484,19
42.941,-78.736,2010,6,67.1,7.5500000000000007,20
42.941,-78.736,2010,1,23.345161290322579,9.2999999999999989,7
42.941,-78.736,2010,2,24.93928571428571,8.17142857142857,4
42.941,-78.736,2010,4,50.63333333333334,8.3666666666666671,11
42.941,-78.736,2010,5,60.016129032258078,7.7354838709677427,18
42.941,-78.736,2010,11,41.053333333333342,7.4433333333333325,13
42.941,-78.736,2010,12,25.92903225806452,9.2129032258064534,7
42.941,-78.736,2010,9,62.74666666666667,8.2566666666666677,15
42.941,-78.736,2010,7,73.735483870967713,7.0032258064516144,12
42.85,-73.95,2010,4,53.963157894736845,8.1315789473684212,3
42.85,-73.95,2010,2,29.64,9.37,1
42.85,-73.95,2010,10,54.003448275862077,6.5103448275862075,7
42.85,-73.95,2010,11,42.91,5.333333333333333,8
42.85,-73.95,2010,6,70.742857142857147,5.8476190476190482,4
42.85,-73.95,2010,8,74.918181818181807,6.2454545454545469,3
42.85,-73.95,2010,9,67.091999999999985,5.86,4
42.85,-73.95,2010,1,27.304761904761904,8.21904761904762,1
42.85,-73.95,2010,3,41.974999999999994,7.1999999999999993,4
42.85,-73.95,2010,5,66.825,4.275,4
42.85,-73.95,2010,7,77.745454545454535,5.3000000000000007,3
42.85,-73.95,2010,12,28.609677419354838,8.3709677419354822,2
40.639,-74.146,2010,6,74.923333333333346,5.87,0
40.639,-74.146,2010,8,76.3838709677419,5.112903225806452,0
40.639,-74.146,2010,12,33.090322580645157,9.812903225806453,0
40.639,-74.146,2010,5,64.867741935483863,5.838709677419355,0
40.639,-74.146,2010,1,32.358064516129033,8.0774193548387085,0
40.639,-74.146,2010,10,58.461290322580645,6.8741935483870975,0
40.639,-74.146,2010,2,33.05,8.3857142857142861,0
40.639,-74.146,2010,3,47.503225806451617,8.3193548387096783,0
40.639,-74.146,2010,4,56.623333333333335,6.1366666666666685,0
40.639,-74.146,2010,11,47.583333333333329,7.3966666666666665,0
40.639,-74.146,2010,9,70.3,6.248275862068966,0
40.639,-74.146,2010,7,80.3032258064516,5.3999999999999995,0
43.338,-73.61,2010,11,37.55,4.0266666666666664,9
43.338,-73.61,2010,8,68.9,4.1645161290322577,9
43.338,-73.61,2010,12,25.06451612903226,4.8129032258064512,3
43.338,-73.61,2010,9,61.24,3.8233333333333341,16
43.338,-73.61,2010,10,47.935483870967737,4.5032258064516126,16
42.483,-76.467,2010,5,59.990322580645156,6.306451612903226,12
42.483,-76.467,2010,10,49.087096774193554,6.6161290322580655,19
42.483,-76.467,2010,1,21.983870967741936,7.82258064516129,7
42.483,-76.467,2010,4,50.530000000000015,6.8833333333333346,11
42.483,-76.467,2010,3,37.080645161290313,6.612903225806452,13
42.483,-76.467,2010,2,24.01428571428572,8.76785714285714,9
42.483,-76.467,2010,6,66.173333333333318,5.6400000000000015,15
42.483,-76.467,2010,12,23.816129032258065,9.87741935483871,4
42.483,-76.467,2010,8,69.280645161290352,5.0161290322580641,13
42.483,-76.467,2010,11,38.853333333333339,7.2399999999999993,16
42.483,-76.467,2010,7,71.832258064516125,4.95483870967742,12
42.483,-76.467,2010,9,61.463333333333331,6.2666666666666675,14
44.65,-73.467,2010,11,37.053333333333327,5.7733333333333334,11
44.65,-73.467,2010,7,72.861290322580643,4.1870967741935479,16
44.65,-73.467,2010,2,26.217857142857145,5.5821428571428564,6
44.65,-73.467,2010,5,59.116129032258051,4.9129032258064509,9
44.65,-73.467,2010,10,47.606451612903228,5.0903225806451617,19
44.65,-73.467,2010,8,68.5064516129032,3.9064516129032261,11
44.65,-73.467,2010,4,48.523333333333333,5.7466666666666661,11
44.65,-73.467,2010,12,23.987096774193549,5.0225806451612893,4
44.65,-73.467,2010,3,37.832258064516132,7.2387096774193544,8
44.65,-73.467,2010,1,23.203225806451606,4.7709677419354835,1
44.65,-73.467,2010,9,61.213333333333331,4.4066666666666681,19
44.65,-73.467,2010,6,63.966666666666661,4.243333333333335,18
43.333,-78.717,2010,10,53.007142857142853,11.549999999999997,0
43.333,-78.717,2010,8,70.664516129032265,7.0580645161290327,0
43.333,-78.717,2010,9,63.33214285714287,9.3142857142857114,0
43.333,-78.717,2010,5,57.199999999999996,8.0838709677419338,0
43.333,-78.717,2010,7,73.796774193548359,7.0032258064516144,0
43.333,-78.717,2010,6,66.12,8.57,0
43.333,-78.717,2010,2,28.4,11.682142857142855,0
43.333,-78.717,2010,1,26.432258064516127,11.780645161290323,0
43.333,-78.717,2010,12,27.822580645161292,12.435483870967742,0
43.333,-78.717,2010,4,48.233333333333327,8.879999999999999,0
43.333,-78.717,2010,11,41.386206896551727,9.0379310344827584,0
43.333,-78.717,2010,3,38.286666666666662,9.9899999999999984,0
42.643,-77.056,2010,4,51.41,6.3,11
42.643,-77.056,2010,6,67.206666666666678,5.0766666666666653,18
42.643,-77.056,2010,8,70.306451612903217,4.2387096774193553,15
42.643,-77.056,2010,10,50.845161290322579,6.0451612903225822,21
42.643,-77.056,2010,2,26.385714285714286,6.325,2
42.643,-77.056,2010,12,26.267741935483869,8.2166666666666686,2
42.643,-77.056,2010,3,39.783870967741933,5.7967741935483863,13
42.643,-77.056,2010,1,24.522580645161288,6.0129032258064514,5
42.643,-77.056,2010,11,40.330000000000005,6.3666666666666671,15
42.643,-77.056,2010,7,72.851612903225814,4.4741935483870963,12
42.643,-77.056,2010,5,61.016129032258085,5.6935483870967749,13
42.643,-77.056,2010,9,62.309999999999995,5.5133333333333328,17
40.8,-73.77,2010,5,62.4258064516129,6.3193548387096765,0
40.8,-73.77,2010,8,75.335483870967749,,0
40.8,-73.77,2010,12,33.680645161290329,10.80967741935484,0
40.8,-73.77,2010,11,47.943333333333335,8.0266666666666655,0
40.8,-73.77,2010,3,45.738709677419344,7.7461538461538453,0
40.8,-73.77,2010,6,71.936666666666667,6.206666666666667,0
40.8,-73.77,2010,10,59.116129032258058,8.4,0
40.8,-73.77,2010,1,32.312903225806444,10.4,0
40.8,-73.77,2010,2,33.01785714285716,9.3500000000000014,0
40.8,-73.77,2010,4,54.413333333333327,6.4899999999999993,0
40.8,-73.77,2010,9,69.948275862068968,7.5319999999999991,0
40.8,-73.77,2010,7,78.696774193548379,7.25,0
40.96,-72.252,2010,3,49.116666666666653,9.8333333333333339,1
40.96,-72.252,2010,12,38.752941176470586,11.311764705882354,2
40.96,-72.252,2010,1,32.413636363636364,9.7045454545454533,2
40.96,-72.252,2010,11,49.461904761904748,8.6523809523809518,4
40.96,-72.252,2010,6,70.73846153846155,10.015384615384615,1
40.96,-72.252,2010,7,77.78235294117647,8.25294117647059,6
40.96,-72.252,2010,4,54.746666666666663,9.326666666666668,3
40.96,-72.252,2010,2,34.044444444444444,11.627777777777778,3
40.96,-72.252,2010,10,59.684210526315788,11.331578947368421,3
40.96,-72.252,2010,9,70.865384615384613,9.976923076923077,3
40.96,-72.252,2010,8,75.359999999999985,9.11,4
40.96,-72.252,2010,5,63.766666666666666,8.7095238095238088,2
43.234,-75.412,2010,4,49.309999999999988,6.1466666666666674,13
43.234,-75.412,2010,5,60.003225806451617,5.3032258064516142,11
43.234,-75.412,2010,12,24.167741935483868,7.0354838709677416,3
43.234,-75.412,2010,6,65.513333333333321,5.3533333333333335,18
43.234,-75.412,2010,7,72.251612903225791,4.6258064516129016,12
43.234,-75.412,2010,10,48.4258064516129,5.4096774193548383,19
43.234,-75.412,2010,1,21.625806451612902,5.9516129032258069,4
43.234,-75.412,2010,8,69.167741935483889,4.1548387096774189,15
43.234,-75.412,2010,11,38.053333333333327,5.7200000000000015,13
43.234,-75.412,2010,2,24.932142857142853,6.6535714285714285,5
43.234,-75.412,2010,3,38.706451612903223,6.1032258064516132,13
43.234,-75.412,2010,9,61.736666666666679,5.2966666666666669,14
40.767,-73.983,2010,8,77.435294117647061,4.5,5
44.05,-75.733,2010,12,22.693548387096772,6.8645161290322578,6
44.05,-75.733,2010,9,61.036666666666669,6.99,24
44.05,-75.733,2010,5,60.003225806451617,6.6096774193548393,18
44.05,-75.733,2010,4,49.676666666666662,7.3566666666666674,14
44.05,-75.733,2010,7,72.0258064516129,5.9451612903225808,17
44.05,-75.733,2010,10,47.716129032258067,6.4290322580645158,24
44.05,-75.733,2010,1,20.396774193548389,6.6806451612903226,11
44.05,-75.733,2010,2,22.875000000000004,6.4714285714285715,9
44.05,-75.733,2010,8,69.380645161290332,6.4935483870967738,21
44.05,-75.733,2010,11,37.583333333333336,7.2466666666666679,23
44.05,-75.733,2010,3,37.509677419354844,8.2870967741935484,13
44.05,-75.733,2010,6,64.383333333333354,6.2033333333333331,27
42.15,-79.25,2011,2,24.585714285714289,9.1535714285714285,0
42.15,-79.25,2011,1,19.49677419354839,7.1161290322580646,0
42.15,-79.25,2011,9,61.199999999999996,5.81,2
42.15,-79.25,2011,11,43.680000000000007,8.2966666666666633,2
42.15,-79.25,2011,5,57.4258064516129,6.6516129032258053,5
42.15,-79.25,2011,3,30.509677419354841,7.5516129032258066,0
42.15,-79.25,2011,10,47.745161290322578,6.2322580645161292,1
42.15,-79.25,2011,8,66.590322580645164,6.0032258064516135,8
42.15,-79.25,2011,12,32.303333333333327,7.5799999999999992,0
42.15,-79.25,2011,6,63.930000000000007,6.206666666666667,8
42.15,-79.25,2011,7,71.287096774193571,5.645161290322581,3
42.15,-79.25,2011,4,44.096666666666664,8.8566666666666709,4
42.159,-76.892,2011,2,24.657142857142862,5.5678571428571431,8
42.159,-76.892,2011,10,49.467741935483865,4.4258064516129023,18
42.159,-76.892,2011,7,73.948387096774212,3.8806451612903232,11
42.159,-76.892,2011,6,66.97999999999999,4.1533333333333333,13
42.159,-76.892,2011,4,47.346666666666671,6.4999999999999991,22
42.159,-76.892,2011,8,68.390322580645176,3.9193548387096775,14
42.159,-76.892,2011,11,43.553333333333327,4.3733333333333322,9
42.159,-76.892,2011,12,34.580645161290306,4.1741935483870973,14
42.159,-76.892,2011,3,33.470967741935489,6.07741935483871,13
42.159,-76.892,2011,5,60.087096774193547,4.4741935483870972,18
42.159,-76.892,2011,9,63.06666666666667,3.1066666666666669,14
42.159,-76.892,2011,1,21.803225806451618,3.9677419354838723,4
43.067,-79.017,2011,2,25.752,,0
43.067,-79.017,2011,7,75.5516129032258,,0
43.067,-79.017,2011,3,28.5375,,0
43.067,-79.017,2011,10,53.048387096774185,,0
43.067,-79.017,2011,6,66.273333333333326,,0
43.067,-79.017,2011,12,36.441935483870964,,0
43.067,-79.017,2011,11,47.089999999999996,,0
43.067,-79.017,2011,4,44.536666666666669,,0
43.067,-79.017,2011,9,64.990000000000009,,0
43.067,-79.017,2011,1,23.229032258064517,,0
43.067,-79.017,2011,5,56.6,,0
43.067,-79.017,2011,8,71.990322580645156,,0
42.571,-77.713,2011,4,47.616666666666667,6.63,20
42.571,-77.713,2011,12,36.516129032258071,5.3032258064516133,14
42.571,-77.713,2011,6,69.190000000000012,4.6266666666666669,15
42.571,-77.713,2011,8,70.1258064516129,4.693548387096774,11
42.571,-77.713,2011,1,23.670967741935481,4.7419354838709689,3
42.571,-77.713,2011,3,33.57741935483871,7.1903225806451614,12
42.571,-77.713,2011,2,25.532142857142858,5.9285714285714279,9
42.571,-77.713,2011,7,75.9741935483871,4.6483870967741945,11
42.571,-77.713,2011,9,65.243333333333325,4.5699999999999994,16
42.571,-77.713,2011,11,46.223333333333336,5.456666666666667,11
42.571,-77.713,2011,10,51.064516129032242,4.1741935483870956,18
42.571,-77.713,2011,5,61.454838709677425,5.0935483870967744,22
43.117,-77.677,2011,10,51.187096774193542,6.751612903225805,19
43.117,-77.677,2011,1,22.722580645161294,7.1967741935483867,5
43.117,-77.677,2011,4,46.206666666666656,9.1333333333333329,20
43.117,-77.677,2011,2,25.149999999999995,8.9857142857142875,10
43.117,-77.677,2011,5,58.532258064516135,6.7000000000000011,21
43.117,-77.677,2011,12,35.461290322580645,7.3161290322580648,18
43.117,-77.677,2011,8,69.57741935483871,5.5290322580645155,14
43.117,-77.677,2011,11,46.050000000000004,7.8866666666666649,14
43.117,-77.677,2011,3,33.780645161290323,8.85806451612903,12
43.117,-77.677,2011,6,67.633333333333326,6.7233333333333336,11
43.117,-77.677,2011,7,74.783870967741947,6.17741935483871,9
43.117,-77.677,2011,9,64.286666666666676,5.41,18
42.207,-75.98,2011,3,31.258064516129032,8.4677419354838737,14
42.207,-75.98,2011,5,58.680645161290329,6.2806451612903231,21
42.207,-75.98,2011,2,24.889285714285716,8.5285714285714285,7
42.207,-75.98,2011,8,67.0225806451613,5.4161290322580644,17
42.207,-75.98,2011,9,61.65,5.4766666666666666,15
42.207,-75.98,2011,4,45.349999999999987,8.15,21
42.207,-75.98,2011,12,32.8258064516129,6.5967741935483879,11
42.207,-75.98,2011,7,72.780645161290323,5.3032258064516125,10
42.207,-75.98,2011,10,49.338709677419352,6.5354838709677416,16
42.207,-75.98,2011,6,65.603333333333339,5.3333333333333339,12
42.207,-75.98,2011,1,20.4,6.2967741935483872,2
42.207,-75.98,2011,11,44.333333333333336,7.1566666666666672,8
41.509,-74.265,2011,1,22.664516129032254,4.5,2
41.509,-74.265,2011,3,37.480645161290326,6.7096774193548381,8
41.509,-74.265,2011,9,65.213333333333324,3.1200000000000006,11
41.509,-74.265,2011,6,68.183333333333323,3.6566666666666667,13
41.509,-74.265,2011,12,36.138709677419349,4.2612903225806447,11
41.509,-74.265,2011,10,53.213793103448261,4.7827586206896546,14
41.509,-74.265,2011,7,74.306451612903217,3.4096774193548378,10
41.509,-74.265,2011,4,49.973333333333329,6.0733333333333341,18
41.509,-74.265,2011,2,27.225,6.0678571428571431,7
41.509,-74.265,2011,5,61.300000000000018,4.5193548387096794,14
41.509,-74.265,2011,8,70.306666666666672,3.66,19
41.509,-74.265,2011,11,44.19,4.1899999999999995,11
43.111,-76.104,2011,1,21.693548387096779,6.4806451612903215,5
43.111,-76.104,2011,10,52.245161290322585,6.1322580645161295,18
43.111,-76.104,2011,2,24.45,7.7285714285714286,8
43.111,-76.104,2011,6,68.983333333333334,5.8233333333333324,12
43.111,-76.104,2011,4,48.746666666666677,8.3966666666666665,22
43.111,-76.104,2011,3,33.661290322580633,8.7774193548387132,12
43.111,-76.104,2011,12,35.70645161290323,6.7516129032258059,20
43.111,-76.104,2011,8,71.319354838709685,5.3516129032258064,13
43.111,-76.104,2011,11,46.959999999999994,6.6466666666666674,14
43.111,-76.104,2011,9,65.463333333333338,4.9433333333333325,15
43.111,-76.104,2011,5,62.535483870967745,6.1806451612903217,19
43.111,-76.104,2011,7,75.780645161290352,5.3096774193548377,11
42.683,-79.05,2011,7,73.567741935483866,,0
42.683,-79.05,2011,2,26.00357142857143,,0
42.683,-79.05,2011,4,43.355172413793092,,0
42.683,-79.05,2011,8,71.319354838709657,,0
42.683,-79.05,2011,11,47.916666666666679,,0
42.683,-79.05,2011,9,65.11,,0
42.683,-79.05,2011,12,37.241935483870975,,0
42.683,-79.05,2011,6,65.123333333333349,,0
42.683,-79.05,2011,5,55.629032258064512,,0
42.683,-79.05,2011,10,52.903225806451609,,0
42.683,-79.05,2011,1,23.916129032258066,,0
42.683,-79.05,2011,3,32.576666666666661,,0
40.701,-74.014,2011,5,62.996774193548369,,0
40.701,-74.014,2011,10,58.738709677419351,,0
40.701,-74.014,2011,11,52.476666666666659,,0
40.701,-74.014,2011,1,30.487096774193553,,0
40.701,-74.014,2011,12,44.045161290322575,,0
40.701,-74.014,2011,3,41.8,,0
40.701,-74.014,2011,7,78.774193548387089,,0
40.701,-74.014,2011,2,35.56428571428571,,0
40.701,-74.014,2011,6,71.90666666666668,,0
40.701,-74.014,2011,4,52.603333333333332,,0
40.701,-74.014,2011,8,75.493548387096766,,0
40.701,-74.014,2011,9,70.073333333333352,,0
42.44,-76.246,2011,7,70.690322580645159,,0
42.44,-76.246,2011,11,43.093333333333312,,0
42.44,-76.246,2011,9,61.376666666666672,,0
42.44,-76.246,2011,2,22.307142857142853,,0
42.44,-76.246,2011,10,48.216129032258067,,0
42.44,-76.246,2011,6,64.486666666666665,,0
42.44,-76.246,2011,8,65.5774193548387,,0
42.44,-76.246,2011,3,30.78387096774193,,0
42.44,-76.246,2011,4,45.29,,0
42.44,-76.246,2011,1,19.625806451612906,,0
42.44,-76.246,2011,5,57.741935483870975,,0
42.44,-76.246,2011,12,32.570967741935476,,0
43.267,-79.067,2011,9,65.316666666666649,6.213333333333332,0
43.267,-79.067,2011,4,43.263333333333343,7.6700000000000017,0
43.267,-79.067,2011,3,33.487096774193546,8.6516129032258036,0
43.267,-79.067,2011,1,24.732258064516131,8.8483870967741947,0
43.267,-79.067,2011,5,53.216129032258067,4.9838709677419342,0
43.267,-79.067,2011,7,75.9225806451613,6.1096774193548411,0
43.267,-79.067,2011,2,27.100000000000009,9.40357142857143,0
43.267,-79.067,2011,6,66.066666666666649,6.6833333333333336,0
43.267,-79.067,2011,8,72.412903225806446,6.5129032258064523,0
43.267,-79.067,2011,10,53.677419354838705,6.7677419354838708,0
43.267,-79.067,2011,11,48.166666666666664,8.8166666666666664,0
43.267,-79.067,2011,12,37.264516129032259,8.7645161290322573,0
42.747,-73.799,2011,7,75.112903225806448,4.8612903225806452,10
42.747,-73.799,2011,1,21.345161290322583,5.6064516129032258,3
42.747,-73.799,2011,3,34.754838709677408,7.8903225806451607,14
42.747,-73.799,2011,8,70.706451612903209,4.7645161290322564,18
42.747,-73.799,2011,11,44.346666666666671,5.6866666666666656,11
42.747,-73.799,2011,12,34.690322580645159,6.6354838709677422,13
42.747,-73.799,2011,2,24.171428571428567,7.1428571428571432,6
42.747,-73.799,2011,10,52.50322580645161,4.7580645161290311,17
42.747,-73.799,2011,5,61.829032258064522,6.3483870967741938,20
42.747,-73.799,2011,4,48.876666666666665,7.85,20
42.747,-73.799,2011,9,65.026666666666671,4.0600000000000005,16
42.747,-73.799,2011,6,67.873333333333321,4.9966666666666661,13
44.703,-75.495,2011,3,30.573333333333331,,0
44.703,-75.495,2011,11,44.043333333333315,,0
44.703,-75.495,2011,10,50.748387096774188,,0
44.703,-75.495,2011,12,30.048387096774189,,0
44.703,-75.495,2011,2,20.978571428571424,,0
44.703,-75.495,2011,7,72.454838709677432,,0
44.703,-75.495,2011,5,55.211111111111116,,0
44.703,-75.495,2011,1,17.648387096774194,,0
44.703,-75.495,2011,9,63.826666666666668,,0
44.703,-75.495,2011,8,69.390322580645119,,0
44.703,-75.495,2011,4,44.096666666666664,,0
44.703,-75.495,2011,6,65.906666666666666,,0
40.794,-73.102,2011,9,68.293333333333351,6.5566666666666675,11
40.794,-73.102,2011,10,56.712903225806457,7.5322580645161281,13
40.794,-73.102,2011,8,74.090322580645136,6.790322580645161,15
40.794,-73.102,2011,6,69.75333333333333,6.3299999999999992,14
40.794,-73.102,2011,1,28.270967741935479,7.4290322580645141,7
40.794,-73.102,2011,7,77.267741935483869,6.4483870967741925,11
40.794,-73.102,2011,5,61.180645161290322,7.1999999999999993,9
40.794,-73.102,2011,11,49.779999999999994,7.04,9
40.794,-73.102,2011,4,50.45000000000001,9.4866666666666646,18
40.794,-73.102,2011,2,33.160714285714285,9.35357142857143,7
40.794,-73.102,2011,3,40.383870967741935,9.96774193548387,11
40.794,-73.102,2011,12,41.7,6.9096774193548391,12
41.073,-71.923,2011,3,39.006451612903227,7.6225806451612907,0
41.073,-71.923,2011,4,48.05,6.8433333333333355,0
41.073,-71.923,2011,8,73.732258064516117,4.3129032258064512,0
41.073,-71.923,2011,10,58.896774193548389,6.8709677419354858,0
41.073,-71.923,2011,11,51.603333333333339,6.62,0
41.073,-71.923,2011,7,74.91935483870968,4.2290322580645157,0
41.073,-71.923,2011,6,67.013333333333321,4.2433333333333341,0
41.073,-71.923,2011,12,44.583870967741937,6.8967741935483868,0
41.073,-71.923,2011,9,67.713333333333324,4.8866666666666667,0
41.073,-71.923,2011,1,30.300000000000004,7.5,0
41.073,-71.923,2011,5,57.535483870967731,4.83225806451613,0
41.073,-71.923,2011,2,33.414285714285711,7.7857142857142838,0
40.639,-73.762,2011,11,50.843333333333341,8.9233333333333338,9
40.639,-73.762,2011,12,43.174193548387095,9.3032258064516142,12
40.639,-73.762,2011,10,58.083870967741937,9.45483870967742,13
40.639,-73.762,2011,3,41.619354838709668,12.035483870967742,10
40.639,-73.762,2011,2,34.914285714285725,11.742857142857147,9
40.639,-73.762,2011,4,51.346666666666664,11.02333333333333,18
40.639,-73.762,2011,8,75.17096774193547,8.6354838709677413,18
40.639,-73.762,2011,7,79.248387096774181,8.0387096774193569,14
40.639,-73.762,2011,5,62.048387096774192,8.5258064516129028,11
40.639,-73.762,2011,9,69.083333333333329,7.6266666666666687,13
40.639,-73.762,2011,6,71.463333333333324,7.9033333333333342,13
40.639,-73.762,2011,1,29.616129032258069,9.5,5
40.822,-72.869,2011,7,76.07096774193549,5.2483870967741941,9
40.822,-72.869,2011,4,49.723333333333336,7.9266666666666676,14
40.822,-72.869,2011,3,39.8258064516129,8.3258064516129018,10
40.822,-72.869,2011,9,67.79,4.7933333333333339,8
40.822,-72.869,2011,12,41.632258064516144,5.9516129032258078,13
40.822,-72.869,2011,6,68.803333333333342,5.2366666666666655,11
40.822,-72.869,2011,5,60.170967741935478,5.8548387096774208,9
40.822,-72.869,2011,10,56.3258064516129,5.7483870967741941,15
40.822,-72.869,2011,8,73.209677419354833,5.4483870967741934,14
40.822,-72.869,2011,11,49.533333333333324,5.6566666666666681,10
40.822,-72.869,2011,2,32.803571428571431,8.0928571428571434,7
40.822,-72.869,2011,1,27.774193548387096,5.9258064516129023,8
43.25,-77.583,2011,11,48.496666666666655,9.9766666666666666,0
43.25,-77.583,2011,7,74.564516129032256,7.7483870967741941,0
43.25,-77.583,2011,3,34.283333333333331,12.360000000000003,0
43.25,-77.583,2011,4,45.629999999999995,11.213333333333333,0
43.25,-77.583,2011,10,53.522580645161284,9.8290322580645153,0
43.25,-77.583,2011,1,24.758064516129032,9.6225806451612925,0
43.25,-77.583,2011,12,37.2709677419355,9.2032258064516146,0
43.25,-77.583,2011,2,27.210714285714282,12.164285714285715,0
43.25,-77.583,2011,5,53.986666666666665,7.2866666666666662,0
43.25,-77.583,2011,9,65.54,8.2166666666666668,0
43.25,-77.583,2011,6,65.663333333333341,8.0233333333333317,0
43.25,-77.583,2011,8,71.358064516129048,7.9322580645161285,0
41.067,-73.708,2011,5,60.816129032258083,5.8999999999999995,11
41.067,-73.708,2011,8,71.912903225806474,4.9032258064516148,19
41.067,-73.708,2011,12,40.07096774193549,5.9838709677419351,11
41.067,-73.708,2011,4,50.156666666666652,7.45,18
41.067,-73.708,2011,9,67.199999999999974,4.1066666666666674,13
41.067,-73.708,2011,10,54.751612903225805,5.8806451612903228,14
41.067,-73.708,2011,3,38.809677419354841,8.36774193548387,9
41.067,-73.708,2011,2,31.342857142857142,8.1249999999999982,7
41.067,-73.708,2011,7,76.470967741935482,4.6806451612903226,10
41.067,-73.708,2011,6,69.060000000000016,5.2733333333333325,14
41.067,-73.708,2011,1,26.035483870967745,7.10967741935484,5
41.067,-73.708,2011,11,48.673333333333332,5.1933333333333351,9
41.5,-74.1,2011,2,28.674999999999997,7.9857142857142867,6
41.5,-74.1,2011,8,71.122580645161278,5.5096774193548388,13
41.5,-74.1,2011,6,68.910000000000011,5.81,10
41.5,-74.1,2011,5,62.222580645161287,6.209677419354839,11
41.5,-74.1,2011,10,53.083870967741944,6.0419354838709669,12
41.5,-74.1,2011,3,37.874193548387105,8.5064516129032253,8
41.5,-74.1,2011,1,23.441935483870964,6.0806451612903212,2
41.5,-74.1,2011,12,37.454838709677418,5.7354838709677418,10
41.5,-74.1,2011,9,66.036666666666648,4.4200000000000008,11
41.5,-74.1,2011,4,50.546666666666653,7.9700000000000006,16
41.5,-74.1,2011,11,46.5,5.2299999999999986,10
41.5,-74.1,2011,7,75.454838709677446,5.0645161290322571,6
44.385,-74.207,2011,10,44.316129032258061,4.54516129032258,17
44.385,-74.207,2011,9,58.086666666666666,3.5566666666666666,15
44.385,-74.207,2011,11,38.453333333333319,5.4966666666666679,9
44.385,-74.207,2011,12,25.548387096774196,4.56774193548387,12
44.385,-74.207,2011,5,54.316129032258054,5.2838709677419358,20
44.385,-74.207,2011,7,66.445161290322574,3.5000000000000004,14
44.385,-74.207,2011,1,13.454838709677418,3.3516129032258068,1
44.385,-74.207,2011,3,24.658064516129034,5.2935483870967754,6
44.385,-74.207,2011,8,62.835483870967742,3.9129032258064509,14
44.385,-74.207,2011,6,60.703333333333333,4.083333333333333,15
44.385,-74.207,2011,4,39.616666666666674,6.0333333333333332,16
44.385,-74.207,2011,2,15.964285714285714,5.8107142857142868,3
43.35,-76.385,2011,1,20.85161290322581,5.5290322580645155,4
43.35,-76.385,2011,7,72.332258064516154,4.1193548387096772,9
43.35,-76.385,2011,5,59.058064516129029,4.7870967741935484,20
43.35,-76.385,2011,11,45.11,5.5500000000000007,15
43.35,-76.385,2011,8,68.683870967741925,3.6290322580645169,16
43.35,-76.385,2011,12,33.780645161290323,5.6580645161290333,16
43.35,-76.385,2011,6,65.723333333333343,4.9266666666666667,12
43.35,-76.385,2011,9,63.516666666666652,3.563333333333333,16
43.35,-76.385,2011,10,50.303225806451607,4.6387096774193548,18
43.35,-76.385,2011,4,46.043333333333337,7.3866666666666658,20
43.35,-76.385,2011,3,32.345161290322579,7.57741935483871,11
43.35,-76.385,2011,2,23.396428571428572,7.0392857142857146,6
43.267,-77.617,2011,10,52.729032258064507,,0
43.267,-77.617,2011,9,64.936666666666667,,0
43.267,-77.617,2011,2,26.732142857142854,,0
43.267,-77.617,2011,1,24.461290322580645,,0
43.267,-77.617,2011,8,70.88387096774197,,0
43.267,-77.617,2011,7,74.309677419354855,,0
43.267,-77.617,2011,3,34.606666666666669,,0
43.267,-77.617,2011,11,47.803333333333349,,0
43.267,-77.617,2011,6,65.526666666666671,,0
43.267,-77.617,2011,12,36.677419354838705,,0
43.267,-77.617,2011,5,53.277419354838713,,0
43.267,-77.617,2011,4,45.249999999999986,,0
41.786,-73.742,2011,2,26.992857142857147,,0
41.786,-73.742,2011,8,68.496774193548376,,0
41.786,-73.742,2011,4,49.456666666666671,,0
41.786,-73.742,2011,11,45.38000000000001,,0
41.786,-73.742,2011,3,36.061290322580646,,0
41.786,-73.742,2011,12,36.332258064516125,,0
41.786,-73.742,2011,6,65.856666666666683,,0
41.786,-73.742,2011,7,72.283870967741947,,0
41.786,-73.742,2011,9,64.460000000000008,,0
41.786,-73.742,2011,5,60.396774193548396,,0
41.786,-73.742,2011,1,22.219354838709673,,0
41.786,-73.742,2011,10,51.238709677419358,,0
42.109,-77.992,2011,8,66.283870967741933,5.3258064516129044,14
42.109,-77.992,2011,5,57.6,6.1741935483870947,21
42.109,-77.992,2011,11,44.19,7.4999999999999982,11
42.109,-77.992,2011,6,63.989999999999995,5.7966666666666669,13
42.109,-77.992,2011,7,71.47419354838712,5.2741935483870979,7
42.109,-77.992,2011,12,32.806451612903231,7.2290322580645157,16
42.109,-77.992,2011,9,61.406666666666666,5.3266666666666671,19
42.109,-77.992,2011,2,24.867857142857144,9.3321428571428591,6
42.109,-77.992,2011,10,47.954838709677425,5.9419354838709664,17
42.109,-77.992,2011,3,30.225806451612904,9.129032258064516,14
42.109,-77.992,2011,4,43.803333333333327,8.92,23
42.109,-77.992,2011,1,19.529032258064518,7.006451612903227,4
43.108,-78.938,2011,11,45.793333333333337,9.913333333333334,15
43.108,-78.938,2011,2,25.517857142857142,11.232142857142859,7
43.108,-78.938,2011,8,70.922580645161261,6.0387096774193552,13
43.108,-78.938,2011,3,32.874193548387083,8.9290322580645167,14
43.108,-78.938,2011,9,64.149999999999977,6.3633333333333333,19
43.108,-78.938,2011,4,45.243333333333332,9.5866666666666678,21
43.108,-78.938,2011,10,51.012903225806454,7.0741935483870968,20
43.108,-78.938,2011,12,35.09032258064515,8.5258064516129028,20
43.108,-78.938,2011,6,66.696666666666658,7.1133333333333342,12
43.108,-78.938,2011,7,75.3225806451613,6.5064516129032253,8
43.108,-78.938,2011,5,57.641935483870974,7.3612903225806461,22
43.108,-78.938,2011,1,22.122580645161285,7.9290322580645158,4
41.701,-74.795,2011,10,49.383870967741935,5.9387096774193537,2
41.701,-74.795,2011,8,65.479166666666657,4.6374999999999993,6
41.701,-74.795,2011,9,62.073333333333338,4.0766666666666662,5
41.701,-74.795,2011,2,25.599999999999998,6.8333333333333339,0
41.701,-74.795,2011,1,20.338709677419352,6.1612903225806459,0
41.701,-74.795,2011,3,35.945161290322574,7.9903225806451612,0
41.701,-74.795,2011,12,32.625,5.55,0
41.701,-74.795,2011,5,62.477419354838716,5.76451612903226,4
41.701,-74.795,2011,6,68.293333333333337,4.5733333333333333,7
41.701,-74.795,2011,11,43.178571428571431,4.7571428571428553,0
41.701,-74.795,2011,4,49.083333333333343,7.3833333333333337,1
41.701,-74.795,2011,7,75.146153846153837,3.7076923076923078,2
40.844,-72.632,2011,10,55.277419354838706,6.6354838709677413,15
40.844,-72.632,2011,5,58.706451612903223,6.2064516129032254,10
40.844,-72.632,2011,8,72.335483870967721,5.3322580645161279,17
40.844,-72.632,2011,11,48.019999999999996,6.1899999999999995,10
40.844,-72.632,2011,2,33.142857142857139,8.5321428571428548,10
40.844,-72.632,2011,1,26.808695652173913,5.9739130434782606,5
40.844,-72.632,2011,3,40.203225806451613,8.5516129032258075,9
40.844,-72.632,2011,6,67.52,5.5100000000000007,13
40.844,-72.632,2011,12,39.909677419354843,6.1290322580645169,15
40.844,-72.632,2011,9,66.990000000000009,5.3866666666666667,11
40.844,-72.632,2011,7,74.390322580645162,5.4225806451612915,10
40.844,-72.632,2011,4,49.669999999999995,8.1366666666666685,17
41.626,-73.882,2011,5,62.564516129032263,3.8258064516129036,13
41.626,-73.882,2011,3,38.216129032258067,5.3032258064516116,7
41.626,-73.882,2011,10,53.103225806451611,3.2096774193548385,12
41.626,-73.882,2011,7,75.696774193548379,2.6741935483870969,8
41.626,-73.882,2011,4,51.043333333333329,5.1233333333333331,19
41.626,-73.882,2011,11,45.589999999999996,3.1433333333333331,9
41.626,-73.882,2011,6,69.213333333333352,3.2466666666666675,11
41.626,-73.882,2011,1,23.12580645161291,3.2161290322580647,3
41.626,-73.882,2011,9,66.456666666666663,2.0933333333333337,11
41.626,-73.882,2011,12,37.358064516129041,3.4516129032258065,11
41.626,-73.882,2011,2,28.671428571428571,4.9892857142857148,6
41.626,-73.882,2011,8,71.348387096774189,2.67741935483871,20
44.936,-74.846,2011,8,68.7548387096774,5.1387096774193539,12
44.936,-74.846,2011,6,66.956666666666649,5.1900000000000022,13
44.936,-74.846,2011,4,44.690000000000005,7.5200000000000005,17
44.936,-74.846,2011,9,63.113333333333337,4.6033333333333335,13
44.936,-74.846,2011,11,42.723333333333329,6.620000000000001,9
44.936,-74.846,2011,10,49.722580645161287,6.338709677419355,15
44.936,-74.846,2011,12,28.112903225806448,6.3903225806451616,18
44.936,-74.846,2011,1,16.141935483870967,4.7516129032258068,2
44.936,-74.846,2011,3,29.880645161290325,6.7419354838709671,8
44.936,-74.846,2011,7,72.735483870967741,4.8354838709677415,10
44.936,-74.846,2011,5,57.78709677419355,7.0999999999999988,18
44.936,-74.846,2011,2,20.174999999999997,7.5928571428571425,4
42.346,-79.596,2011,11,49.469999999999992,12.426666666666666,0
42.346,-79.596,2011,10,53.880769230769232,12.599999999999998,0
42.346,-79.596,2011,9,65.659999999999982,8.1566666666666663,0
42.346,-79.596,2011,2,23.814285714285717,11.514285714285714,0
42.346,-79.596,2011,1,24.8625,7.8625,0
42.346,-79.596,2011,8,73.00344827586207,8.97241379310345,0
42.346,-79.596,2011,4,45.266666666666673,11.591666666666669,0
42.346,-79.596,2011,3,34.45000000000001,10.760714285714284,0
42.346,-79.596,2011,6,65.963333333333338,8.9433333333333351,0
42.346,-79.596,2011,5,55.269999999999989,8.2033333333333349,0
42.346,-79.596,2011,12,38.606451612903228,11.95483870967742,0
42.346,-79.596,2011,7,74.84,7.8699999999999992,0
40.734,-73.417,2011,10,56.377419354838715,6.8870967741935489,15
40.734,-73.417,2011,5,60.78709677419355,6.6999999999999984,12
40.734,-73.417,2011,12,41.538709677419355,6.3354838709677423,12
40.734,-73.417,2011,3,39.867741935483878,9.0096774193548388,9
40.734,-73.417,2011,11,49.51,6.73,9
40.734,-73.417,2011,2,32.946428571428569,8.2821428571428566,8
40.734,-73.417,2011,7,77.606451612903228,6.1354838709677431,11
40.734,-73.417,2011,4,49.696666666666665,8.68333333333333,17
40.734,-73.417,2011,6,69.73333333333332,6.0166666666666657,12
40.734,-73.417,2011,9,67.813333333333318,6.1066666666666665,11
40.734,-73.417,2011,1,27.835483870967746,5.7266666666666666,7
40.734,-73.417,2011,8,73.712903225806457,6.6064516129032267,17
42.017,-73.917,2011,4,50.046666666666667,1.9866666666666666,0
42.017,-73.917,2011,9,65.05,0.0,0
42.017,-73.917,2011,1,25.36,1.196666666666667,0
42.017,-73.917,2011,8,69.964516129032276,0.29677419354838713,0
42.017,-73.917,2011,11,46.18,,0
42.017,-73.917,2011,6,67.760000000000019,0.3666666666666667,0
42.017,-73.917,2011,2,28.225,1.8678571428571429,0
42.017,-73.917,2011,3,36.958064516129028,1.8935483870967738,0
42.017,-73.917,2011,5,61.464516129032262,0.56129032258064515,0
42.017,-73.917,2011,10,52.451612903225815,,0
42.017,-73.917,2011,7,74.135483870967732,0.20967741935483875,0
42.017,-73.917,2011,12,37.216129032258067,2.2833333333333332,0
41.05,-71.97,2011,5,56.3258064516129,,0
41.05,-71.97,2011,11,51.986666666666665,,0
41.05,-71.97,2011,1,30.993548387096769,,0
41.05,-71.97,2011,7,72.403448275862075,,0
41.05,-71.97,2011,3,38.574193548387093,,0
41.05,-71.97,2011,4,46.993333333333339,,0
41.05,-71.97,2011,10,58.346428571428568,,0
41.05,-71.97,2011,9,67.0766666666667,,0
41.05,-71.97,2011,8,72.354838709677423,,0
41.05,-71.97,2011,12,45.029032258064525,,0
41.05,-71.97,2011,6,65.13666666666667,,0
41.05,-71.97,2011,2,33.414285714285718,,0
40.779,-73.88,2011,2,35.917857142857137,10.653571428571428,7
40.779,-73.88,2011,7,79.980645161290312,7.2258064516129039,11
40.779,-73.88,2011,1,32.090322580645157,9.2129032258064534,6
40.779,-73.88,2011,3,41.41612903225807,11.187096774193549,10
40.779,-73.88,2011,12,43.49354838709678,8.5741935483870968,10
40.779,-73.88,2011,10,58.29999999999999,8.9709677419354836,14
40.779,-73.88,2011,8,75.441935483870978,8.06451612903226,17
40.779,-73.88,2011,6,72.14,7.6033333333333335,14
40.779,-73.88,2011,11,51.946666666666665,7.8000000000000007,9
40.779,-73.88,2011,4,51.806666666666672,9.6533333333333324,17
40.779,-73.88,2011,9,70.046666666666653,7.4933333333333332,13
40.779,-73.88,2011,5,62.5,7.974193548387098,12
40.779,-73.969,2011,5,63.387096774193559,4.7806451612903231,11
40.779,-73.969,2011,2,35.649999999999984,6.632142857142858,7
40.779,-73.969,2011,6,71.63666666666667,3.9133333333333336,11
40.779,-73.969,2011,11,51.993333333333325,4.876666666666666,9
40.779,-73.969,2011,4,53.316666666666663,6.330000000000001,15
40.779,-73.969,2011,9,69.323333333333323,3.79,11
40.779,-73.969,2011,7,79.561290322580646,3.7193548387096778,10
40.779,-73.969,2011,8,74.4483870967742,3.9709677419354836,17
40.779,-73.969,2011,1,29.867741935483874,5.6290322580645151,4
40.779,-73.969,2011,10,57.025806451612908,4.6161290322580637,9
40.779,-73.969,2011,12,43.670967741935485,5.1903225806451605,10
40.779,-73.969,2011,3,41.812903225806458,6.6419354838709674,9
43.992,-76.022,2011,8,69.2806451612903,4.8419354838709667,12
43.992,-76.022,2011,5,57.029032258064518,6.2677419354838708,18
43.992,-76.022,2011,1,18.522580645161284,5.2193548387096786,4
43.992,-76.022,2011,4,44.899999999999991,8.2999999999999989,17
43.992,-76.022,2011,3,32.261290322580642,7.5612903225806445,12
43.992,-76.022,2011,11,45.499999999999986,6.91,12
43.992,-76.022,2011,6,65.236666666666679,5.669999999999999,11
43.992,-76.022,2011,7,72.370967741935488,4.8129032258064521,9
43.992,-76.022,2011,9,63.519999999999996,4.6466666666666674,13
43.992,-76.022,2011,12,32.59032258064515,6.2645161290322591,19
43.992,-76.022,2011,2,22.175,7.8142857142857141,4
43.992,-76.022,2011,10,50.348387096774196,6.5774193548387094,16
42.493,-79.272,2011,1,23.138709677419353,7.8806451612903219,4
42.493,-79.272,2011,3,33.093548387096781,8.75806451612903,13
42.493,-79.272,2011,2,26.210714285714289,9.5428571428571409,4
42.493,-79.272,2011,10,51.596774193548377,7.2161290322580642,18
42.493,-79.272,2011,8,70.812903225806465,6.2225806451612895,10
42.493,-79.272,2011,4,45.956666666666671,9.2333333333333325,19
42.493,-79.272,2011,11,47.556666666666665,9.7333333333333361,13
42.493,-79.272,2011,5,58.070967741935483,6.4548387096774169,18
42.493,-79.272,2011,12,37.070967741935483,8.7064516129032281,21
42.493,-79.272,2011,7,74.690000000000012,6.1566666666666663,6
42.493,-79.272,2011,9,64.78,5.85,20
42.493,-79.272,2011,6,66.463333333333324,6.39,13
42.941,-78.736,2011,4,45.136666666666684,9.8266666666666644,22
42.941,-78.736,2011,12,35.667741935483868,8.6258064516129043,18
42.941,-78.736,2011,2,25.175000000000004,10.435714285714283,9
42.941,-78.736,2011,8,71.241935483870975,6.6838709677419352,11
42.941,-78.736,2011,1,21.945161290322581,7.62258064516129,4
42.941,-78.736,2011,7,75.40322580645163,7.0903225806451617,8
42.941,-78.736,2011,5,58.300000000000004,7.6838709677419352,22
42.941,-78.736,2011,10,51.890322580645176,7.1903225806451614,20
42.941,-78.736,2011,11,46.686666666666667,9.8633333333333351,18
42.941,-78.736,2011,9,65.246666666666655,6.7833333333333332,18
42.941,-78.736,2011,3,32.199999999999996,9.15483870967742,12
42.941,-78.736,2011,6,66.913333333333341,7.71,14
42.85,-73.95,2011,11,47.672413793103452,4.5379310344827593,6
42.85,-73.95,2011,3,37.966666666666676,7.928571428571427,2
42.85,-73.95,2011,10,54.052380952380943,5.6333333333333337,6
42.85,-73.95,2011,12,36.684999999999995,5.5950000000000006,7
42.85,-73.95,2011,9,67.38333333333334,2.8666666666666663,4
42.85,-73.95,2011,1,23.951724137931027,6.1793103448275861,1
42.85,-73.95,2011,4,51.144999999999996,7.285,3
42.85,-73.95,2011,7,80.24,3.74,0
42.85,-73.95,2011,2,27.587500000000006,5.775,3
42.85,-73.95,2011,6,72.010526315789477,4.8,4
42.85,-73.95,2011,5,64.910526315789468,6.63157894736842,3
40.639,-74.146,2011,8,75.093548387096774,4.9516129032258087,0
40.639,-74.146,2011,7,79.3774193548387,4.9193548387096779,0
40.639,-74.146,2011,6,72.429999999999993,5.206666666666667,0
40.639,-74.146,2011,1,29.664516129032261,6.2935483870967746,0
40.639,-74.146,2011,10,57.748387096774181,6.041935483870966,0
40.639,-74.146,2011,3,41.977419354838709,8.26774193548387,0
40.639,-74.146,2011,4,53.38666666666667,6.99,0
40.639,-74.146,2011,12,43.361290322580651,6.16774193548387,0
40.639,-74.146,2011,2,35.300000000000004,7.5750000000000011,0
40.639,-74.146,2011,5,63.132258064516122,5.2548387096774185,0
40.639,-74.146,2011,11,51.36,5.23,0
40.639,-74.146,2011,9,69.906666666666652,4.7099999999999991,0
43.338,-73.61,2011,12,31.841935483870962,3.9387096774193555,11
43.338,-73.61,2011,4,45.896666666666682,5.2566666666666677,17
43.338,-73.61,2011,5,59.806451612903217,5.0387096774193569,17
43.338,-73.61,2011,10,49.983870967741943,4.0612903225806445,15
43.338,-73.61,2011,3,31.951612903225811,5.4290322580645167,11
43.338,-73.61,2011,7,72.4774193548387,3.741935483870968,9
43.338,-73.61,2011,2,20.203571428571426,4.4428571428571439,4
43.338,-73.61,2011,11,41.79999999999999,3.8866666666666672,8
43.338,-73.61,2011,9,63.073333333333338,2.8699999999999997,15
43.338,-73.61,2011,1,18.674193548387098,3.25483870967742,2
43.338,-73.61,2011,6,65.72,3.5333333333333341,16
43.338,-73.61,2011,8,68.606451612903228,3.6225806451612903,13
42.483,-76.467,2011,11,44.559999999999995,6.879999999999999,12
42.483,-76.467,2011,3,31.596774193548391,8.9516129032258078,12
42.483,-76.467,2011,1,20.709677419354833,6.8806451612903228,4
42.483,-76.467,2011,2,23.62142857142857,8.3321428571428537,5
42.483,-76.467,2011,12,33.141935483870959,7.2548387096774185,16
42.483,-76.467,2011,9,62.533333333333339,4.7966666666666669,18
42.483,-76.467,2011,8,67.793548387096777,4.8064516129032251,17
42.483,-76.467,2011,7,72.477419354838716,4.629032258064516,9
42.483,-76.467,2011,10,49.151612903225811,5.4290322580645167,18
42.483,-76.467,2011,5,58.874193548387105,6.2225806451612913,19
42.483,-76.467,2011,4,42.756666666666668,8.0900000000000016,23
42.483,-76.467,2011,6,65.73333333333332,4.94,11
44.65,-73.467,2011,7,72.061290322580646,4.1806451612903235,12
44.65,-73.467,2011,11,42.076666666666654,4.61,10
44.65,-73.467,2011,1,18.080645161290327,4.2838709677419349,4
44.65,-73.467,2011,8,68.216129032258067,4.7516129032258059,13
44.65,-73.467,2011,6,64.86,4.9633333333333329,14
44.65,-73.467,2011,4,44.109999999999992,6.339999999999999,17
44.65,-73.467,2011,9,61.859999999999992,3.6033333333333339,14
44.65,-73.467,2011,2,20.00714285714286,5.3964285714285722,5
44.65,-73.467,2011,10,49.832258064516125,4.6709677419354838,18
44.65,-73.467,2011,5,57.1258064516129,6.2645161290322573,18
44.65,-73.467,2011,12,29.783870967741937,4.4903225806451612,15
44.65,-73.467,2011,3,29.590322580645161,6.7483870967741932,11
43.333,-78.717,2011,5,51.896666666666668,7.206666666666667,0
43.333,-78.717,2011,7,74.1774193548387,7.1870967741935488,0
43.333,-78.717,2011,11,47.6896551724138,10.055172413793104,0
43.333,-78.717,2011,2,28.379999999999995,10.583333333333332,0
43.333,-78.717,2011,3,32.903448275862068,10.120689655172416,0
43.333,-78.717,2011,6,63.936666666666667,8.0366666666666671,0
43.333,-78.717,2011,12,36.103225806451618,9.9096774193548374,0
43.333,-78.717,2011,9,63.756666666666653,7.5866666666666651,0
43.333,-78.717,2011,10,52.970000000000006,9.05,0
43.333,-78.717,2011,4,43.020689655172418,10.427586206896549,0
43.333,-78.717,2011,1,28.645454545454545,7.2181818181818169,0
43.333,-78.717,2011,8,70.21333333333331,7.48,0
42.643,-77.056,2011,10,51.122580645161285,4.9322580645161285,17
42.643,-77.056,2011,7,75.012903225806468,4.6838709677419343,8
42.643,-77.056,2011,9,63.973333333333336,4.0033333333333339,19
42.643,-77.056,2011,11,45.929999999999986,6.8233333333333324,11
42.643,-77.056,2011,1,22.664516129032254,5.741935483870968,4
42.643,-77.056,2011,4,46.363333333333337,7.373333333333334,19
42.643,-77.056,2011,2,25.135714285714275,7.0500000000000016,6
42.643,-77.056,2011,5,59.629032258064505,5.0133333333333328,18
42.643,-77.056,2011,3,33.238709677419351,7.5677419354838706,12
42.643,-77.056,2011,6,67.740000000000009,4.8800000000000008,11
42.643,-77.056,2011,12,35.390322580645154,6.8870967741935489,17
42.643,-77.056,2011,8,69.919354838709666,4.629032258064516,12
40.8,-73.77,2011,4,50.653333333333329,7.75,0
40.8,-73.77,2011,11,52.163333333333327,6.9266666666666685,0
40.8,-73.77,2011,7,77.551612903225816,5.1645161290322577,0
40.8,-73.77,2011,2,34.353571428571421,8.8464285714285715,0
40.8,-73.77,2011,10,58.696774193548372,6.9645161290322593,0
40.8,-73.77,2011,1,29.951612903225804,7.0258064516129037,0
40.8,-73.77,2011,8,74.387096774193537,5.8258064516129036,0
40.8,-73.77,2011,12,43.854838709677416,7.9516129032258043,0
40.8,-73.77,2011,6,70.403333333333322,5.0766666666666662,0
40.8,-73.77,2011,3,41.0516129032258,8.3800000000000043,0
40.8,-73.77,2011,9,69.55,5.2366666666666672,0
40.8,-73.77,2011,5,61.309677419354841,5.4483870967741934,0
40.96,-72.252,2011,8,76.327777777777769,7.7333333333333343,2
40.96,-72.252,2011,10,58.130769230769232,8.6153846153846168,4
40.96,-72.252,2011,4,51.114285714285707,11.62142857142857,4
40.96,-72.252,2011,7,77.670000000000016,6.225,2
40.96,-72.252,2011,2,36.346153846153854,10.200000000000001,3
40.96,-72.252,2011,9,70.05,7.625,2
40.96,-72.252,2011,12,44.88666666666667,6.7266666666666675,0
40.96,-72.252,2011,3,41.81111111111111,10.905555555555555,1
40.96,-72.252,2011,6,70.678571428571416,7.4071428571428566,5
40.96,-72.252,2011,5,60.607142857142868,7.1428571428571432,2
40.96,-72.252,2011,11,53.473913043478255,8.1173913043478265,4
40.96,-72.252,2011,1,32.483333333333334,10.85,1
43.234,-75.412,2011,5,60.2,5.3161290322580639,21
43.234,-75.412,2011,9,63.653333333333322,4.4166666666666652,14
43.234,-75.412,2011,7,72.467741935483872,4.2258064516129021,10
43.234,-75.412,2011,3,30.951612903225808,7.4290322580645158,10
43.234,-75.412,2011,12,32.854838709677416,5.5999999999999988,15
43.234,-75.412,2011,1,19.500000000000004,5.54516129032258,4
43.234,-75.412,2011,4,45.55,7.7766666666666682,22
43.234,-75.412,2011,11,43.823333333333323,4.9033333333333342,14
43.234,-75.412,2011,10,50.203225806451613,4.9838709677419351,17
43.234,-75.412,2011,2,21.599999999999998,6.3357142857142845,7
43.234,-75.412,2011,8,68.909677419354836,4.3129032258064512,17
43.234,-75.412,2011,6,65.983333333333334,5.2166666666666659,13
44.05,-75.733,2011,5,58.190322580645166,7.654838709677418,23
44.05,-75.733,2011,12,30.422580645161293,7.0161290322580641,21
44.05,-75.733,2011,11,43.940000000000005,7.82,17
44.05,-75.733,2011,2,20.703571428571426,8.3,13
44.05,-75.733,2011,3,30.49677419354839,8.59032258064516,18
44.05,-75.733,2011,1,17.5258064516129,5.84516129032258,6
44.05,-75.733,2011,7,72.5225806451613,5.72258064516129,17
44.05,-75.733,2011,6,65.686666666666667,6.6999999999999993,25
44.05,-75.733,2011,9,62.809999999999995,6.336666666666666,25
44.05,-75.733,2011,4,44.583333333333336,9.4300000000000015,22
44.05,-75.733,2011,8,68.293548387096763,6.0225806451612911,30
44.05,-75.733,2011,10,49.393548387096779,7.2451612903225815,22
42.15,-79.25,2012,3,45.593548387096767,8.316129032258063,4
42.15,-79.25,2012,4,42.926666666666669,7.6999999999999993,0
42.15,-79.25,2012,5,61.361290322580643,5.8612903225806461,4
42.15,-79.25,2012,10,48.941935483870964,7.64516129032258,0
42.15,-79.25,2012,8,65.935483870967715,5.06774193548387,3
42.15,-79.25,2012,6,64.596666666666664,6.76,2
42.15,-79.25,2012,12,33.529032258064518,7.612903225806452,0
42.15,-79.25,2012,7,70.758064516129,5.64516129032258,3
42.15,-79.25,2012,11,36.046666666666667,6.2233333333333354,0
42.15,-79.25,2012,2,31.031578947368427,8.2210526315789476,0
42.15,-79.25,2012,1,26.661290322580648,8.932258064516132,0
42.15,-79.25,2012,9,58.726666666666674,5.8199999999999994,0
42.159,-76.892,2012,12,35.087096774193554,4.4806451612903224,15
42.159,-76.892,2012,3,46.522580645161291,5.3419354838709676,12
42.159,-76.892,2012,2,32.8103448275862,5.3965517241379306,9
42.159,-76.892,2012,11,35.67,3.8366666666666664,5
42.159,-76.892,2012,8,68.890322580645162,3.1806451612903226,12
42.159,-76.892,2012,5,63.235483870967748,3.7838709677419344,12
42.159,-76.892,2012,6,66.61333333333333,4.6266666666666669,14
42.159,-76.892,2012,10,51.777419354838713,4.7387096774193562,20
42.159,-76.892,2012,7,73.387096774193552,4.0096774193548388,14
42.159,-76.892,2012,1,29.745161290322585,5.854838709677419,11
42.159,-76.892,2012,4,45.45333333333334,6.1933333333333325,11
42.159,-76.892,2012,9,60.276666666666664,3.3733333333333335,16
43.067,-79.017,2012,12,36.551612903225809,,0
43.067,-79.017,2012,6,67.893333333333359,,0
43.067,-79.017,2012,3,45.061290322580639,,0
43.067,-79.017,2012,9,64.276666666666671,,0
43.067,-79.017,2012,7,75.306451612903217,,0
43.067,-79.017,2012,8,72.167741935483861,,0
43.067,-79.017,2012,10,52.899999999999991,,0
43.067,-79.017,2012,4,45.219999999999985,,0
43.067,-79.017,2012,11,40.243333333333325,,0
43.067,-79.017,2012,2,32.451724137931024,,0
43.067,-79.017,2012,1,31.125806451612902,,0
43.067,-79.017,2012,5,62.2258064516129,,0
42.571,-77.713,2012,10,53.225806451612904,5.2387096774193544,20
42.571,-77.713,2012,1,31.409677419354828,6.4032258064516112,11
42.571,-77.713,2012,3,48.490322580645156,6.5548387096774192,16
42.571,-77.713,2012,2,33.793103448275858,5.0586206896551715,8
42.571,-77.713,2012,11,38.43333333333333,4.3466666666666667,7
42.571,-77.713,2012,8,70.467741935483843,4.5677419354838715,9
42.571,-77.713,2012,7,74.622580645161278,4.3451612903225811,14
42.571,-77.713,2012,12,36.62903225806452,5.7580645161290338,16
42.571,-77.713,2012,5,64.874193548387112,4.8451612903225811,11
42.571,-77.713,2012,4,46.15,6.0166666666666648,13
42.571,-77.713,2012,9,62.390000000000008,4.5000000000000009,15
42.571,-77.713,2012,6,68.626666666666665,5.2133333333333347,13
43.117,-77.677,2012,1,30.393548387096779,8.8,10
43.117,-77.677,2012,7,74.616129032258044,6.0,14
43.117,-77.677,2012,4,45.553333333333335,8.4299999999999979,15
43.117,-77.677,2012,12,35.9483870967742,7.6064516129032258,17
43.117,-77.677,2012,10,52.896774193548374,7.3419354838709667,22
43.117,-77.677,2012,6,68.533333333333346,7.3900000000000006,15
43.117,-77.677,2012,11,38.986666666666665,6.5333333333333323,8
43.117,-77.677,2012,3,46.961290322580645,8.4612903225806448,14
43.117,-77.677,2012,8,70.2548387096774,5.5290322580645173,9
43.117,-77.677,2012,2,32.127586206896552,8.36206896551724,12
43.117,-77.677,2012,9,61.783333333333339,5.5699999999999985,12
43.117,-77.677,2012,5,63.351612903225806,5.9290322580645158,11
42.207,-75.98,2012,2,30.58275862068966,7.63448275862069,10
42.207,-75.98,2012,5,61.383870967741942,5.7032258064516137,14
42.207,-75.98,2012,7,71.91290322580646,5.306451612903226,14
42.207,-75.98,2012,3,44.883870967741942,7.45483870967742,13
42.207,-75.98,2012,10,50.367741935483863,6.558064516129031,19
42.207,-75.98,2012,1,27.27741935483871,8.2935483870967737,11
42.207,-75.98,2012,4,44.219999999999992,7.9733333333333345,13
42.207,-75.98,2012,11,35.616666666666667,5.8699999999999992,7
42.207,-75.98,2012,8,68.316129032258061,4.7548387096774185,12
42.207,-75.98,2012,6,64.726666666666688,6.3866666666666667,14
42.207,-75.98,2012,12,32.280645161290316,7.5032258064516135,10
42.207,-75.98,2012,9,59.326666666666668,5.8000000000000007,18
41.509,-74.265,2012,12,35.303225806451614,5.1193548387096781,14
41.509,-74.265,2012,3,46.764516129032259,5.709677419354839,11
41.509,-74.265,2012,4,50.410000000000004,6.6433333333333335,9
41.509,-74.265,2012,8,71.154838709677421,2.6290322580645151,15
41.509,-74.265,2012,9,62.85,3.5100000000000002,17
41.509,-74.265,2012,7,74.88000000000001,3.928,10
41.509,-74.265,2012,1,31.14193548387097,6.022580645161292,9
41.509,-74.265,2012,6,66.756,3.6239999999999997,14
41.509,-74.265,2012,5,63.3032258064516,3.7645161290322586,22
41.509,-74.265,2012,10,53.696774193548393,4.4870967741935477,20
41.509,-74.265,2012,11,37.553333333333335,4.3599999999999994,5
41.509,-74.265,2012,2,34.962068965517247,5.5551724137931036,11
43.111,-76.104,2012,7,76.383870967741927,5.1935483870967749,14
43.111,-76.104,2012,11,39.006666666666675,6.3233333333333333,10
43.111,-76.104,2012,3,46.535483870967731,7.4129032258064509,15
43.111,-76.104,2012,6,69.063333333333318,6.3133333333333352,15
43.111,-76.104,2012,1,30.732258064516135,8.7387096774193544,12
43.111,-76.104,2012,2,32.8,7.317241379310345,14
43.111,-76.104,2012,8,72.616129032258073,5.1580645161290342,11
43.111,-76.104,2012,10,54.164516129032251,6.7516129032258068,22
43.111,-76.104,2012,5,64.319354838709657,5.4451612903225817,15
43.111,-76.104,2012,9,63.74666666666667,5.7366666666666681,17
43.111,-76.104,2012,4,46.160000000000004,7.7433333333333332,17
43.111,-76.104,2012,12,35.1741935483871,7.7935483870967746,17
42.683,-79.05,2012,11,42.699999999999996,,0
42.683,-79.05,2012,2,33.472413793103449,,0
42.683,-79.05,2012,12,39.01,,0
42.683,-79.05,2012,8,71.8,,0
42.683,-79.05,2012,4,47.560000000000016,,0
42.683,-79.05,2012,1,31.87096774193548,,0
42.683,-79.05,2012,5,62.9258064516129,,0
42.683,-79.05,2012,9,65.199999999999989,,0
42.683,-79.05,2012,7,74.651612903225825,,0
42.683,-79.05,2012,10,54.829032258064515,,0
42.683,-79.05,2012,6,68.26333333333335,,0
42.683,-79.05,2012,3,46.629032258064512,,0
40.701,-74.014,2012,10,60.099999999999994,,0
40.701,-74.014,2012,1,37.561290322580646,,0
40.701,-74.014,2012,5,64.754838709677415,,0
40.701,-74.014,2012,2,40.862068965517238,,0
40.701,-74.014,2012,3,49.258064516129025,,0
40.701,-74.014,2012,7,78.329032258064515,,0
40.701,-74.014,2012,8,76.680645161290315,,0
40.701,-74.014,2012,4,54.3857142857143,,0
40.701,-74.014,2012,9,69.58,,0
40.701,-74.014,2012,6,71.02,,0
40.701,-74.014,2012,12,42.348387096774189,,0
40.701,-74.014,2012,11,43.626666666666672,,0
42.44,-76.246,2012,6,63.693333333333328,,0
42.44,-76.246,2012,4,42.38666666666667,,0
42.44,-76.246,2012,5,59.987096774193539,,0
42.44,-76.246,2012,3,43.870967741935473,,0
42.44,-76.246,2012,2,30.362068965517246,,0
42.44,-76.246,2012,12,32.848387096774196,,0
42.44,-76.246,2012,1,26.919354838709676,,0
42.44,-76.246,2012,11,34.866666666666674,,0
42.44,-76.246,2012,8,66.390322580645147,,0
42.44,-76.246,2012,9,58.0,,0
42.44,-76.246,2012,10,50.187096774193556,,0
42.44,-76.246,2012,7,70.012903225806454,,0
42.241,-78.371,2012,8,64.47419354838712,2.8645161290322574,13
42.241,-78.371,2012,4,37.1625,4.7875,3
42.241,-78.371,2012,7,69.270967741935479,3.7774193548387096,15
42.241,-78.371,2012,5,59.300000000000018,4.3290322580645162,14
42.241,-78.371,2012,12,31.864516129032264,5.3193548387096774,14
42.241,-78.371,2012,11,34.400000000000006,4.2600000000000007,6
42.241,-78.371,2012,10,47.406451612903233,5.080645161290323,22
42.241,-78.371,2012,6,62.21,4.5699999999999994,13
42.241,-78.371,2012,9,56.72,3.6600000000000006,20
43.267,-79.067,2012,6,68.903333333333336,7.32,0
43.267,-79.067,2012,7,75.635483870967718,5.6967741935483867,0
43.267,-79.067,2012,8,72.819354838709671,6.3516129032258064,0
43.267,-79.067,2012,3,43.151612903225804,8.7935483870967737,0
43.267,-79.067,2012,5,60.203225806451613,5.4419354838709673,0
43.267,-79.067,2012,12,37.487096774193553,8.5741935483871,0
43.267,-79.067,2012,11,41.323333333333338,8.25,0
43.267,-79.067,2012,10,53.532258064516121,8.7032258064516128,0
43.267,-79.067,2012,2,33.779310344827572,9.2206896551724142,0
43.267,-79.067,2012,9,65.05,7.2166666666666686,0
43.267,-79.067,2012,1,32.0483870967742,9.9096774193548409,0
43.267,-79.067,2012,4,45.706666666666663,8.7633333333333336,0
42.747,-73.799,2012,10,53.941935483870971,5.3096774193548395,18
42.747,-73.799,2012,3,45.79677419354838,7.0129032258064514,15
42.747,-73.799,2012,11,37.499999999999993,5.496666666666667,8
42.747,-73.799,2012,9,62.786666666666676,5.3466666666666658,14
42.747,-73.799,2012,2,32.617241379310343,6.66896551724138,10
42.747,-73.799,2012,7,74.783870967741933,4.79032258064516,12
42.747,-73.799,2012,12,33.467741935483865,6.4806451612903233,13
42.747,-73.799,2012,5,63.119354838709668,5.5354838709677416,17
42.747,-73.799,2012,6,67.74666666666667,5.7966666666666677,15
42.747,-73.799,2012,1,28.851612903225814,7.4516129032258069,9
42.747,-73.799,2012,4,48.536666666666669,8.2199999999999989,15
42.747,-73.799,2012,8,72.0451612903226,3.9580645161290322,15
44.703,-75.495,2012,1,22.677419354838705,,0
44.703,-75.495,2012,12,28.409677419354832,,0
44.703,-75.495,2012,5,60.07741935483871,,0
44.703,-75.495,2012,8,71.090322580645136,,0
44.703,-75.495,2012,10,52.626666666666686,,0
44.703,-75.495,2012,3,39.541935483870965,,0
44.703,-75.495,2012,2,29.677777777777781,,0
44.703,-75.495,2012,4,43.193333333333328,,0
44.703,-75.495,2012,6,66.65,,0
44.703,-75.495,2012,7,72.848387096774189,,0
44.703,-75.495,2012,11,36.68,,0
44.703,-75.495,2012,9,61.57,,0
40.794,-73.102,2012,4,52.456666666666671,8.6666666666666661,11
40.794,-73.102,2012,10,58.08064516129032,7.3967741935483868,17
40.794,-73.102,2012,3,46.961290322580631,8.258064516129032,9
40.794,-73.102,2012,12,40.841935483870969,8.24516129032258,17
40.794,-73.102,2012,1,36.677419354838705,9.1064516129032267,9
40.794,-73.102,2012,11,42.283333333333324,7.4733333333333336,6
40.794,-73.102,2012,9,66.943333333333328,6.3666666666666671,11
40.794,-73.102,2012,6,68.576666666666668,7.0766666666666671,13
40.794,-73.102,2012,7,75.861290322580643,6.0032258064516126,15
40.794,-73.102,2012,5,62.180645161290322,6.3935483870967751,18
40.794,-73.102,2012,8,74.7032258064516,5.7709677419354843,10
40.794,-73.102,2012,2,38.741379310344847,7.9137931034482758,11
41.073,-71.923,2012,11,45.015384615384612,7.8884615384615389,0
41.073,-71.923,2012,8,73.916129032258056,3.5709677419354837,0
41.073,-71.923,2012,3,46.00645161290322,6.74516129032258,0
41.073,-71.923,2012,4,51.506666666666661,6.6566666666666681,0
41.073,-71.923,2012,1,38.367741935483878,8.5129032258064541,0
41.073,-71.923,2012,9,67.49,4.8899999999999988,0
41.073,-71.923,2012,7,74.303225806451636,4.1193548387096772,0
41.073,-71.923,2012,10,59.289655172413795,6.0275862068965509,0
41.073,-71.923,2012,2,40.324137931034478,7.1241379310344843,0
41.073,-71.923,2012,12,42.816129032258068,7.7806451612903249,0
41.073,-71.923,2012,5,59.454838709677432,4.5096774193548388,0
41.073,-71.923,2012,6,66.746666666666655,4.6066666666666656,0
40.639,-73.762,2012,10,59.206451612903237,9.4999999999999982,16
40.639,-73.762,2012,2,40.479310344827574,10.413793103448276,9
40.639,-73.762,2012,1,37.387096774193544,11.612903225806452,9
40.639,-73.762,2012,7,77.916129032258084,7.9677419354838719,12
40.639,-73.762,2012,4,53.910000000000004,10.91,17
40.639,-73.762,2012,6,70.546666666666681,8.7199999999999989,13
40.639,-73.762,2012,5,63.254838709677415,7.6,20
40.639,-73.762,2012,9,69.046666666666667,8.9033333333333342,13
40.639,-73.762,2012,8,76.441935483870964,7.5709677419354851,10
40.639,-73.762,2012,11,43.526666666666664,9.6266666666666669,6
40.639,-73.762,2012,12,41.82580645161292,10.180645161290322,15
40.639,-73.762,2012,3,48.06774193548388,9.99354838709677,10
40.822,-72.869,2012,8,74.090322580645164,4.461290322580644,10
40.822,-72.869,2012,11,42.993333333333332,6.1066666666666656,6
40.822,-72.869,2012,6,68.34,5.4033333333333324,11
40.822,-72.869,2012,9,65.876,5.0080000000000009,9
40.822,-72.869,2012,12,41.248387096774188,6.2483870967741941,18
40.822,-72.869,2012,10,58.406451612903233,5.2999999999999989,17
40.822,-72.869,2012,3,47.161290322580641,6.8903225806451616,10
40.822,-72.869,2012,2,38.896551724137936,6.7206896551724116,11
40.822,-72.869,2012,7,75.7290322580645,4.596774193548387,10
40.822,-72.869,2012,5,62.080645161290334,5.3096774193548395,14
40.822,-72.869,2012,4,52.590000000000011,7.61,13
40.822,-72.869,2012,1,36.987096774193553,7.3806451612903237,10
43.25,-77.583,2012,1,31.687096774193552,10.841935483870969,0
43.25,-77.583,2012,12,37.1774193548387,10.541935483870972,0
43.25,-77.583,2012,7,74.738709677419365,7.5774193548387085,0
43.25,-77.583,2012,11,40.936666666666667,9.3299999999999983,0
43.25,-77.583,2012,10,54.441935483870971,10.074193548387099,0
43.25,-77.583,2012,5,60.132258064516137,6.9612903225806457,0
43.25,-77.583,2012,6,68.443333333333328,9.12,0
43.25,-77.583,2012,3,44.4225806451613,9.96774193548387,0
43.25,-77.583,2012,9,64.47,8.3899999999999988,0
43.25,-77.583,2012,4,45.163333333333334,10.74,0
43.25,-77.583,2012,8,72.016129032258064,7.7935483870967728,0
43.25,-77.583,2012,2,33.648275862068957,10.103448275862069,0
41.067,-73.708,2012,9,65.703333333333319,5.17,16
41.067,-73.708,2012,4,52.209999999999994,7.793333333333333,9
41.067,-73.708,2012,3,47.4225806451613,6.274193548387097,8
41.067,-73.708,2012,8,73.529032258064532,4.1064516129032258,9
41.067,-73.708,2012,2,37.910344827586222,7.186206896551723,10
41.067,-73.708,2012,5,62.390322580645169,4.7935483870967754,21
41.067,-73.708,2012,6,68.266666666666666,5.413333333333334,16
41.067,-73.708,2012,10,56.093548387096774,5.5193548387096776,17
41.067,-73.708,2012,7,75.738709677419351,4.5709677419354833,15
41.067,-73.708,2012,1,34.645161290322584,7.6258064516129043,9
41.067,-73.708,2012,12,38.380645161290325,7.2806451612903222,16
41.067,-73.708,2012,11,40.73,7.02,4
41.5,-74.1,2012,11,38.563333333333333,5.4766666666666675,3
41.5,-74.1,2012,2,35.827586206896548,7.7862068965517244,8
41.5,-74.1,2012,10,54.606451612903228,6.403225806451613,14
41.5,-74.1,2012,6,68.163333333333327,6.1400000000000006,10
41.5,-74.1,2012,5,64.06774193548388,5.4290322580645158,14
41.5,-74.1,2012,7,75.529032258064518,5.5483870967741957,12
41.5,-74.1,2012,9,64.093333333333334,5.1366666666666667,13
41.5,-74.1,2012,1,32.090322580645164,8.167741935483873,9
41.5,-74.1,2012,4,50.986666666666665,8.2266666666666666,5
41.5,-74.1,2012,8,72.119354838709683,4.1903225806451623,13
41.5,-74.1,2012,3,47.932258064516127,7.2225806451612895,8
41.5,-74.1,2012,12,35.696774193548379,6.645161290322581,10
44.385,-74.207,2012,10,46.838709677419359,4.52258064516129,19
44.385,-74.207,2012,7,65.190322580645173,3.4419354838709673,9
44.385,-74.207,2012,9,54.533333333333331,4.2933333333333339,14
44.385,-74.207,2012,4,39.383333333333326,5.6333333333333329,13
44.385,-74.207,2012,2,21.706896551724135,4.93448275862069,2
44.385,-74.207,2012,11,28.873333333333331,3.7133333333333329,6
44.385,-74.207,2012,1,18.770967741935486,5.580645161290323,9
44.385,-74.207,2012,8,63.63225806451613,3.6870967741935479,10
44.385,-74.207,2012,3,36.5258064516129,5.0193548387096776,12
44.385,-74.207,2012,5,56.506451612903213,4.1709677419354838,12
44.385,-74.207,2012,12,25.880645161290321,4.9774193548387107,12
44.385,-74.207,2012,6,60.899999999999991,4.4533333333333323,15
43.35,-76.385,2012,2,30.88275862068966,6.3827586206896552,13
43.35,-76.385,2012,11,37.739999999999995,5.2466666666666661,11
43.35,-76.385,2012,7,72.967741935483872,4.05483870967742,11
43.35,-76.385,2012,12,34.187096774193549,6.8419354838709676,18
43.35,-76.385,2012,9,61.189999999999991,4.1966666666666672,15
43.35,-76.385,2012,3,45.316129032258061,6.7064516129032263,14
43.35,-76.385,2012,6,66.979999999999976,4.7333333333333334,13
43.35,-76.385,2012,8,69.551612903225788,3.4516129032258065,10
43.35,-76.385,2012,4,44.246666666666663,7.3866666666666658,16
43.35,-76.385,2012,10,52.548387096774192,5.60967741935484,23
43.35,-76.385,2012,1,28.574193548387097,7.4290322580645167,14
43.35,-76.385,2012,5,61.890322580645169,4.1967741935483867,13
43.267,-77.617,2012,2,33.296551724137927,,0
43.267,-77.617,2012,10,53.729032258064521,,0
43.267,-77.617,2012,6,68.356666666666669,,0
43.267,-77.617,2012,9,63.423333333333339,,0
43.267,-77.617,2012,5,59.835483870967742,,0
43.267,-77.617,2012,8,71.4,,0
43.267,-77.617,2012,12,37.022580645161277,,0
43.267,-77.617,2012,3,43.864516129032253,,0
43.267,-77.617,2012,4,44.86,,0
43.267,-77.617,2012,7,74.425806451612914,,0
43.267,-77.617,2012,1,31.203225806451609,,0
43.267,-77.617,2012,11,39.856666666666655,,0
41.786,-73.742,2012,8,69.9741935483871,,0
41.786,-73.742,2012,5,61.893548387096779,,0
41.786,-73.742,2012,3,46.548387096774185,,0
41.786,-73.742,2012,6,65.093333333333348,,0
41.786,-73.742,2012,4,49.116666666666674,,0
41.786,-73.742,2012,9,61.893333333333338,,0
41.786,-73.742,2012,7,72.264516129032231,,0
41.786,-73.742,2012,10,53.664516129032251,,0
41.786,-73.742,2012,12,34.525806451612915,,0
41.786,-73.742,2012,1,31.264516129032263,,0
41.786,-73.742,2012,11,37.43,,0
41.786,-73.742,2012,2,34.431034482758612,,0
42.109,-77.992,2012,6,64.47,6.3433333333333328,12
42.109,-77.992,2012,1,28.225806451612904,9.2838709677419367,12
42.109,-77.992,2012,9,59.419999999999995,5.5166666666666675,15
42.109,-77.992,2012,11,35.860000000000007,6.1133333333333351,8
42.109,-77.992,2012,4,43.36666666666666,8.1466666666666665,14
42.109,-77.992,2012,7,71.67096774193547,5.1129032258064511,16
42.109,-77.992,2012,8,66.883870967741942,4.3935483870967733,11
42.109,-77.992,2012,12,33.735483870967748,7.9516129032258069,14
42.109,-77.992,2012,5,61.745161290322578,5.6258064516129034,12
42.109,-77.992,2012,3,45.990322580645163,8.2000000000000011,18
42.109,-77.992,2012,10,50.40967741935485,6.7419354838709689,22
42.109,-77.992,2012,2,30.30689655172414,8.1862068965517221,9
43.108,-78.938,2012,9,62.516666666666666,6.3433333333333328,10
43.108,-78.938,2012,6,68.61,7.9766666666666666,17
43.108,-78.938,2012,10,51.554838709677426,8.4387096774193573,24
43.108,-78.938,2012,1,30.045161290322582,10.319354838709678,10
43.108,-78.938,2012,12,35.474193548387106,8.6967741935483858,16
43.108,-78.938,2012,3,45.709677419354833,9.27741935483871,12
43.108,-78.938,2012,4,44.850000000000016,8.3800000000000026,15
43.108,-78.938,2012,5,62.864516129032268,6.112903225806452,11
43.108,-78.938,2012,7,75.332258064516125,6.4935483870967747,14
43.108,-78.938,2012,11,38.053333333333335,7.28,8
43.108,-78.938,2012,2,31.641379310344824,9.5068965517241377,11
43.108,-78.938,2012,8,71.564516129032242,6.112903225806452,10
41.701,-74.795,2012,2,30.934482758620682,7.1344827586206891,0
41.701,-74.795,2012,7,72.316,4.5200000000000005,5
41.701,-74.795,2012,12,32.219354838709677,6.9677419354838692,0
41.701,-74.795,2012,1,27.296774193548384,7.0935483870967753,0
41.701,-74.795,2012,3,43.49354838709678,6.0580645161290336,2
41.701,-74.795,2012,11,34.726923076923072,5.1846153846153848,0
41.701,-74.795,2012,8,67.50645161290322,3.8967741935483873,5
41.701,-74.795,2012,9,59.216666666666654,4.746666666666667,3
41.701,-74.795,2012,6,63.59,5.5466666666666669,3
41.701,-74.795,2012,5,60.138709677419357,4.8677419354838705,2
41.701,-74.795,2012,4,45.643333333333331,7.4766666666666666,1
41.701,-74.795,2012,10,50.644827586206894,5.1655172413793116,0
40.844,-72.632,2012,7,74.645161290322577,5.3354838709677432,13
40.844,-72.632,2012,9,65.456666666666678,5.379999999999999,9
40.844,-72.632,2012,5,60.267741935483876,5.6838709677419379,12
40.844,-72.632,2012,8,72.809677419354827,4.46451612903226,10
40.844,-72.632,2012,4,50.456666666666656,7.5766666666666662,11
40.844,-72.632,2012,10,57.245161290322578,5.9741935483870972,16
40.844,-72.632,2012,1,35.477419354838716,8.1258064516129,10
40.844,-72.632,2012,11,42.023333333333341,7.2400000000000011,5
40.844,-72.632,2012,3,45.258064516129032,7.3096774193548395,8
40.844,-72.632,2012,6,66.910000000000025,6.0866666666666678,10
40.844,-72.632,2012,12,40.409677419354843,7.52258064516129,16
40.844,-72.632,2012,2,36.837931034482764,6.9758620689655171,13
41.626,-73.882,2012,7,75.41290322580646,2.6419354838709674,14
41.626,-73.882,2012,1,32.351612903225814,4.9193548387096779,9
41.626,-73.882,2012,2,36.11724137931035,4.4206896551724135,7
41.626,-73.882,2012,12,36.148387096774179,3.7935483870967741,12
41.626,-73.882,2012,4,51.033333333333324,5.2,7
41.626,-73.882,2012,5,64.2290322580645,2.854838709677419,19
41.626,-73.882,2012,3,47.883870967741927,4.5322580645161272,8
41.626,-73.882,2012,9,64.213333333333338,2.6033333333333339,13
41.626,-73.882,2012,6,68.22999999999999,3.2333333333333334,14
41.626,-73.882,2012,8,72.745161290322571,2.0838709677419351,14
41.626,-73.882,2012,10,55.096774193548384,3.3677419354838705,17
41.626,-73.882,2012,11,38.88666666666667,4.0500000000000007,4
44.936,-74.846,2012,12,27.154838709677421,7.2322580645161283,11
44.936,-74.846,2012,4,43.78,7.8733333333333331,16
44.936,-74.846,2012,9,59.719999999999992,4.9366666666666674,13
44.936,-74.846,2012,8,69.612903225806448,5.1774193548387109,11
44.936,-74.846,2012,11,32.739999999999995,4.9533333333333323,7
44.936,-74.846,2012,7,71.306451612903217,4.387096774193548,6
44.936,-74.846,2012,5,60.738709677419344,4.9999999999999991,15
44.936,-74.846,2012,3,40.103225806451618,7.1903225806451605,14
44.936,-74.846,2012,10,51.180645161290329,6.31290322580645,16
44.936,-74.846,2012,1,17.968,7.5600000000000014,9
44.936,-74.846,2012,6,66.62,5.6133333333333342,15
44.936,-74.846,2012,2,26.419230769230772,7.4730769230769249,5
42.346,-79.596,2012,3,45.930769230769243,11.457692307692309,0
42.346,-79.596,2012,2,34.718518518518522,12.225925925925926,0
42.346,-79.596,2012,11,40.911764705882355,10.49375,0
42.346,-79.596,2012,7,75.18421052631578,6.6526315789473678,0
42.346,-79.596,2012,4,44.157692307692315,10.899999999999997,0
42.346,-79.596,2012,1,33.122580645161293,14.522580645161288,0
42.346,-79.596,2012,12,39.522580645161284,11.429032258064515,0
42.346,-79.596,2012,6,70.800000000000011,9.3263157894736839,0
42.346,-79.596,2012,5,61.196153846153848,6.7499999999999991,0
40.734,-73.417,2012,2,38.831034482758618,7.3655172413793109,11
40.734,-73.417,2012,8,74.851612903225785,5.6645161290322577,10
40.734,-73.417,2012,7,75.996774193548376,5.8161290322580639,14
40.734,-73.417,2012,5,61.8516129032258,6.3225806451612909,16
40.734,-73.417,2012,3,46.858064516129033,7.3999999999999995,9
40.734,-73.417,2012,4,52.43,7.866666666666668,10
40.734,-73.417,2012,9,66.756666666666689,6.37,12
40.734,-73.417,2012,1,36.222580645161287,8.3870967741935463,9
40.734,-73.417,2012,10,57.612903225806463,7.2322580645161292,14
40.734,-73.417,2012,12,40.951612903225808,7.4516129032258061,17
40.734,-73.417,2012,6,68.616666666666674,6.4599999999999991,10
40.734,-73.417,2012,11,42.469999999999992,6.8666666666666663,5
42.017,-73.917,2012,12,35.116129032258065,,0
42.017,-73.917,2012,7,74.264516129032231,0.0,0
42.017,-73.917,2012,8,71.8967741935484,,0
42.017,-73.917,2012,3,48.070967741935476,2.0129032258064519,0
42.017,-73.917,2012,10,54.729032258064507,,0
42.017,-73.917,2012,2,35.341379310344834,1.4931034482758621,0
42.017,-73.917,2012,11,39.603333333333339,,0
42.017,-73.917,2012,1,32.0516129032258,1.9193548387096777,0
42.017,-73.917,2012,5,63.035483870967745,0.44516129032258078,0
42.017,-73.917,2012,9,63.116666666666667,,0
42.017,-73.917,2012,4,50.893333333333338,2.04,0
42.017,-73.917,2012,6,67.336666666666673,0.12333333333333336,0
41.05,-71.97,2012,9,67.28333333333336,,0
41.05,-71.97,2012,12,42.551724137931039,,0
41.05,-71.97,2012,1,37.86296296296296,,0
41.05,-71.97,2012,6,64.517857142857139,,0
41.05,-71.97,2012,10,59.341935483870976,,0
41.05,-71.97,2012,11,45.859999999999992,,0
41.05,-71.97,2012,5,58.567741935483873,,0
41.05,-71.97,2012,3,48.650000000000006,,0
41.05,-71.97,2012,8,73.37,,0
41.05,-71.97,2012,4,50.499999999999993,,0
41.05,-71.97,2012,7,72.948387096774212,,0
40.779,-73.88,2012,10,60.119354838709683,9.2806451612903231,17
40.779,-73.88,2012,6,72.1933333333333,7.9733333333333345,13
40.779,-73.88,2012,8,78.096774193548384,6.8645161290322587,11
40.779,-73.88,2012,7,79.787096774193557,7.7612903225806456,14
40.779,-73.88,2012,2,41.348275862068967,9.7379310344827577,12
40.779,-73.88,2012,9,70.303333333333342,8.120000000000001,11
40.779,-73.88,2012,12,42.412903225806446,10.138709677419353,17
40.779,-73.88,2012,1,37.106451612903228,10.570967741935483,9
40.779,-73.88,2012,11,44.853333333333346,9.2833333333333332,6
40.779,-73.88,2012,4,55.356666666666662,9.9866666666666681,10
40.779,-73.88,2012,3,49.87096774193548,9.2774193548387114,10
40.779,-73.88,2012,5,65.045161290322554,7.5161290322580641,20
40.779,-73.969,2012,7,77.977419354838716,3.5516129032258061,15
40.779,-73.969,2012,9,68.28,3.5500000000000003,9
40.779,-73.969,2012,11,43.43666666666666,5.05,4
40.779,-73.969,2012,8,75.916129032258056,2.8645161290322578,9
40.779,-73.969,2012,12,41.258064516129032,5.7322580645161292,16
40.779,-73.969,2012,10,58.061290322580653,4.3193548387096774,13
40.779,-73.969,2012,5,64.364516129032239,3.4967741935483874,18
40.779,-73.969,2012,6,70.326666666666668,3.8733333333333331,12
40.779,-73.969,2012,1,37.103225806451611,7.119354838709679,10
40.779,-73.969,2012,4,54.483333333333334,4.9166666666666687,11
40.779,-73.969,2012,3,50.264516129032259,5.0774193548387085,9
40.779,-73.969,2012,2,40.648275862068971,5.9482758620689662,11
43.992,-76.022,2012,3,43.793548387096777,7.193548387096774,12
43.992,-76.022,2012,1,26.809677419354834,7.7032258064516119,13
43.992,-76.022,2012,4,42.719999999999992,6.8166666666666682,15
43.992,-76.022,2012,10,53.596774193548391,6.870967741935484,20
43.992,-76.022,2012,5,61.86451612903226,5.16774193548387,13
43.992,-76.022,2012,9,61.593333333333341,5.0500000000000007,15
43.992,-76.022,2012,7,72.832258064516111,5.193548387096774,9
43.992,-76.022,2012,2,29.937931034482762,7.1275862068965505,9
43.992,-76.022,2012,6,67.21,5.7700000000000005,16
43.992,-76.022,2012,12,32.2774193548387,6.6258064516129016,14
43.992,-76.022,2012,11,36.626666666666672,5.713333333333332,8
43.992,-76.022,2012,8,70.387096774193566,4.6419354838709683,10
42.493,-79.272,2012,6,68.353333333333339,7.5200000000000005,12
42.493,-79.272,2012,4,44.713333333333331,7.4133333333333331,15
42.493,-79.272,2012,3,47.074193548387072,8.79032258064516,14
42.493,-79.272,2012,12,37.487096774193539,8.2548387096774185,16
42.493,-79.272,2012,11,39.276666666666657,7.0433333333333339,6
42.493,-79.272,2012,10,53.032258064516128,7.9999999999999991,22
42.493,-79.272,2012,7,74.122580645161278,5.780645161290324,12
42.493,-79.272,2012,2,33.406896551724138,8.3068965517241384,9
42.493,-79.272,2012,8,70.41290322580646,5.72258064516129,10
42.493,-79.272,2012,1,31.506451612903223,10.012903225806454,11
42.493,-79.272,2012,5,62.912903225806446,5.9161290322580644,8
42.493,-79.272,2012,9,63.426666666666655,6.583333333333333,10
42.941,-78.736,2012,12,36.161290322580641,8.4483870967741943,15
42.941,-78.736,2012,1,30.641935483870974,10.296774193548389,9
42.941,-78.736,2012,2,32.041379310344816,9.344827586206895,8
42.941,-78.736,2012,10,52.348387096774182,8.25483870967742,23
42.941,-78.736,2012,11,39.156666666666666,7.2299999999999995,8
42.941,-78.736,2012,6,68.376666666666665,8.5033333333333374,12
42.941,-78.736,2012,8,71.825806451612891,6.725806451612903,8
42.941,-78.736,2012,9,63.306666666666658,6.426666666666665,12
42.941,-78.736,2012,5,63.838709677419352,6.8258064516129027,10
42.941,-78.736,2012,4,45.0,8.0666666666666664,13
42.941,-78.736,2012,7,75.461290322580638,6.9677419354838719,11
42.941,-78.736,2012,3,46.835483870967757,9.41935483870968,15
42.85,-73.95,2012,9,65.94,5.016,6
42.85,-73.95,2012,10,55.707407407407409,5.155555555555555,7
42.85,-73.95,2012,2,34.708333333333336,6.6666666666666652,4
42.85,-73.95,2012,11,39.107142857142854,5.3249999999999993,4
42.85,-73.95,2012,3,47.007692307692309,6.0307692307692307,3
42.85,-73.95,2012,4,51.6925925925926,8.6037037037037045,5
42.85,-73.95,2012,7,78.85,5.4307692307692292,4
42.85,-73.95,2012,6,71.511999999999986,6.612000000000001,5
42.85,-73.95,2012,1,31.025,7.7958333333333334,3
42.85,-73.95,2012,8,76.873913043478254,4.3608695652173912,3
42.85,-73.95,2012,12,34.000000000000007,6.0466666666666669,6
42.85,-73.95,2012,5,65.48846153846155,5.6961538461538481,8
40.639,-74.146,2012,6,71.276666666666657,5.36,0
40.639,-74.146,2012,8,76.683870967741925,4.4612903225806457,0
40.639,-74.146,2012,11,43.966666666666669,7.413333333333334,0
40.639,-74.146,2012,10,58.9,5.8870967741935472,0
40.639,-74.146,2012,5,65.045161290322582,4.5064516129032253,0
40.639,-74.146,2012,7,79.190322580645159,5.1451612903225792,0
40.639,-74.146,2012,4,54.68666666666666,8.0966666666666676,0
40.639,-74.146,2012,9,69.036666666666648,5.3300000000000018,0
40.639,-74.146,2012,3,50.093548387096774,6.6258064516129034,0
40.639,-74.146,2012,12,41.690322580645152,7.2032258064516119,0
40.639,-74.146,2012,1,37.183870967741932,7.5580645161290327,0
40.639,-74.146,2012,2,40.5551724137931,7.2068965517241379,0
43.338,-73.61,2012,10,51.964516129032269,3.8258064516129031,18
43.338,-73.61,2012,4,46.456666666666663,6.0866666666666651,11
43.338,-73.61,2012,6,65.61,4.0766666666666671,14
43.338,-73.61,2012,2,29.675862068965518,4.3999999999999995,6
43.338,-73.61,2012,9,59.026666666666671,3.4266666666666663,13
43.338,-73.61,2012,1,26.316129032258061,4.4290322580645167,8
43.338,-73.61,2012,8,69.216129032258081,2.8096774193548386,13
43.338,-73.61,2012,11,35.059999999999995,3.9766666666666661,4
43.338,-73.61,2012,12,30.841935483870966,3.9354838709677407,11
43.338,-73.61,2012,5,60.958064516129028,3.7451612903225806,17
43.338,-73.61,2012,7,71.716129032258067,3.4935483870967743,14
43.338,-73.61,2012,3,41.9258064516129,4.9129032258064527,9
42.483,-76.467,2012,6,65.443333333333328,5.413333333333334,14
42.483,-76.467,2012,12,33.354838709677423,8.0870967741935473,13
42.483,-76.467,2012,10,50.654838709677406,6.4129032258064518,18
42.483,-76.467,2012,2,30.920689655172403,7.4068965517241372,14
42.483,-76.467,2012,5,61.483870967741936,5.248387096774195,15
42.483,-76.467,2012,3,45.551612903225816,7.8451612903225811,14
42.483,-76.467,2012,11,35.753333333333337,6.3533333333333344,8
42.483,-76.467,2012,7,72.261290322580635,4.5903225806451626,13
42.483,-76.467,2012,1,27.706451612903223,8.6161290322580655,13
42.483,-76.467,2012,4,43.766666666666666,7.3966666666666665,14
42.483,-76.467,2012,9,59.526666666666671,5.5799999999999992,17
42.483,-76.467,2012,8,68.767741935483883,4.741935483870968,9
44.65,-73.467,2012,4,44.996666666666655,6.6300000000000008,15
44.65,-73.467,2012,11,34.613333333333337,4.13,8
44.65,-73.467,2012,2,27.875862068965514,4.7551724137931046,7
44.65,-73.467,2012,12,29.603225806451611,5.2645161290322564,11
44.65,-73.467,2012,9,59.589999999999989,4.9833333333333334,14
44.65,-73.467,2012,8,70.183870967741939,4.0096774193548388,12
44.65,-73.467,2012,3,40.012903225806454,5.6870967741935488,14
44.65,-73.467,2012,10,51.558064516129036,4.2064516129032254,16
44.65,-73.467,2012,1,23.816129032258065,5.22258064516129,11
44.65,-73.467,2012,5,59.638709677419349,5.3645161290322587,12
44.65,-73.467,2012,7,71.01612903225805,4.5612903225806436,9
44.65,-73.467,2012,6,66.126666666666651,5.1766666666666667,15
43.333,-78.717,2012,12,37.319999999999993,10.533333333333333,0
43.333,-78.717,2012,3,43.348148148148162,10.690000000000001,0
43.333,-78.717,2012,11,40.64,10.02,0
43.333,-78.717,2012,1,30.223333333333333,10.483333333333334,0
43.333,-78.717,2012,10,52.980769230769226,8.8269230769230766,0
43.333,-78.717,2012,9,63.893333333333338,7.8966666666666674,0
43.333,-78.717,2012,4,44.451724137931038,10.695652173913047,0
43.333,-78.717,2012,2,33.45,9.861538461538462,0
43.333,-78.717,2012,8,71.3258064516129,7.0483870967741931,0
43.333,-78.717,2012,5,58.906451612903219,6.5483870967741931,0
43.333,-78.717,2012,7,73.670967741935485,6.8709677419354858,0
43.333,-78.717,2012,6,67.45,7.8266666666666671,0
42.643,-77.056,2012,2,32.520689655172404,6.7758620689655178,9
42.643,-77.056,2012,9,62.18,4.77,18
42.643,-77.056,2012,12,35.522580645161291,6.3935483870967751,14
42.643,-77.056,2012,3,46.709677419354833,7.2193548387096786,15
42.643,-77.056,2012,6,67.746666666666655,5.5148148148148151,15
42.643,-77.056,2012,1,30.251612903225805,8.2354838709677427,10
42.643,-77.056,2012,11,37.726666666666659,5.5566666666666666,8
42.643,-77.056,2012,10,52.9,5.8451612903225811,16
42.643,-77.056,2012,5,63.06451612903227,4.6193548387096763,13
42.643,-77.056,2012,7,73.8741935483871,4.387096774193548,14
42.643,-77.056,2012,8,70.148387096774186,4.183870967741937,12
42.643,-77.056,2012,4,45.606666666666676,7.2333333333333343,15
40.8,-73.77,2012,9,69.429999999999993,6.55,0
40.8,-73.77,2012,12,41.632258064516137,7.7870967741935484,0
40.8,-73.77,2012,5,63.148387096774194,5.4064516129032256,0
40.8,-73.77,2012,3,47.890322580645162,7.5,0
40.8,-73.77,2012,4,53.874999999999993,8.3857142857142861,0
40.8,-73.77,2012,10,59.506451612903234,6.8032258064516133,0
40.8,-73.77,2012,7,77.090322580645179,4.8193548387096774,0
40.8,-73.77,2012,2,40.31724137931036,8.2172413793103463,0
40.8,-73.77,2012,1,37.474193548387106,9.6838709677419352,0
40.8,-73.77,2012,6,70.056666666666658,5.046666666666666,0
40.8,-73.77,2012,8,76.154838709677435,5.4096774193548383,0
40.8,-73.77,2012,11,44.336666666666652,8.0733333333333341,0
40.96,-72.252,2012,9,68.01,7.046666666666666,4
40.96,-72.252,2012,5,62.791666666666671,6.2541666666666655,3
40.96,-72.252,2012,2,42.01875,8.2749999999999986,1
40.96,-72.252,2012,6,70.315999999999988,6.712,4
40.96,-72.252,2012,7,76.117857142857133,5.9107142857142856,7
40.96,-72.252,2012,10,59.88620689655172,6.8965517241379324,5
40.96,-72.252,2012,12,44.396428571428572,8.55357142857143,9
40.96,-72.252,2012,3,45.5,8.7,0
40.96,-72.252,2012,8,74.387096774193552,5.5967741935483879,6
40.96,-72.252,2012,4,54.509090909090908,10.818181818181818,1
40.96,-72.252,2012,11,47.630434782608688,7.7086956521739145,2
40.96,-72.252,2012,1,36.255,10.245000000000001,1
43.234,-75.412,2012,5,61.91612903225807,5.3290322580645153,19
43.234,-75.412,2012,12,32.929032258064517,6.9935483870967738,15
43.234,-75.412,2012,2,29.672413793103445,5.83103448275862,10
43.234,-75.412,2012,4,44.54666666666666,6.9333333333333345,18
43.234,-75.412,2012,8,69.632258064516108,4.2967741935483872,10
43.234,-75.412,2012,6,65.973333333333329,5.4900000000000011,15
43.234,-75.412,2012,9,61.213333333333331,5.1499999999999995,16
43.234,-75.412,2012,7,73.261290322580649,4.4741935483870972,11
43.234,-75.412,2012,11,36.353333333333339,5.0766666666666653,7
43.234,-75.412,2012,3,44.296774193548394,6.6096774193548375,14
43.234,-75.412,2012,10,52.6483870967742,6.2903225806451619,23
43.234,-75.412,2012,1,26.945161290322581,7.4354838709677429,12
44.05,-75.733,2012,8,69.803225806451607,6.0032258064516126,19
44.05,-75.733,2012,1,24.696774193548389,8.6483870967741936,17
44.05,-75.733,2012,2,28.075862068965517,7.2931034482758612,18
44.05,-75.733,2012,9,60.26,6.4066666666666672,24
44.05,-75.733,2012,11,34.940000000000005,6.1133333333333315,18
44.05,-75.733,2012,4,42.783333333333331,7.6933333333333325,21
44.05,-75.733,2012,10,51.458064516129042,7.6032258064516149,23
44.05,-75.733,2012,6,66.426666666666677,6.8,24
44.05,-75.733,2012,7,72.47096774193551,5.7548387096774185,21
44.05,-75.733,2012,5,61.712903225806457,6.9096774193548374,22
44.05,-75.733,2012,3,43.08709677419354,8.6,17
44.05,-75.733,2012,12,29.709677419354833,7.9741935483870972,14
42.15,-79.25,2013,6,63.123333333333342,5.91,4
42.15,-79.25,2013,2,22.628571428571426,8.0392857142857146,0
42.15,-79.25,2013,10,50.403225806451616,6.3967741935483868,0
42.15,-79.25,2013,12,27.138709677419353,8.3258064516129018,0
42.15,-79.25,2013,7,68.303225806451621,5.33548387096774,6
42.15,-79.25,2013,11,33.44285714285715,9.2428571428571438,1
42.15,-79.25,2013,9,57.266666666666659,5.453333333333334,2
42.15,-79.25,2013,8,64.951612903225808,5.2516129032258068,2
42.15,-79.25,2013,1,26.638709677419357,8.5709677419354851,1
42.15,-79.25,2013,4,43.723333333333336,8.783333333333335,2
42.15,-79.25,2013,3,28.519354838709674,8.0870967741935473,0
42.15,-79.25,2013,5,57.758064516129032,7.1870967741935488,4
42.159,-76.892,2013,9,58.836666666666673,3.3033333333333341,12
42.159,-76.892,2013,4,46.776666666666678,6.5299999999999994,15
42.159,-76.892,2013,3,32.990322580645149,6.3516129032258073,5
42.159,-76.892,2013,8,66.858064516129033,3.2161290322580642,9
42.159,-76.892,2013,7,72.196774193548364,3.47741935483871,14
42.159,-76.892,2013,11,37.166666666666671,5.8433333333333328,14
42.159,-76.892,2013,10,52.012903225806454,3.8483870967741933,17
42.159,-76.892,2013,1,27.680645161290315,5.0806451612903212,7
42.159,-76.892,2013,6,66.183333333333337,4.1066666666666665,16
42.159,-76.892,2013,5,59.735483870967734,4.8290322580645153,12
42.159,-76.892,2013,12,30.370967741935484,4.7387096774193553,12
42.159,-76.892,2013,2,26.914285714285715,5.6714285714285744,10
43.067,-79.017,2013,7,72.109677419354853,0.0,0
43.067,-79.017,2013,8,69.935483870967758,0.0,0
43.067,-79.017,2013,9,62.713793103448275,0.0,0
43.067,-79.017,2013,10,54.887096774193559,0.0,0
43.067,-79.017,2013,1,30.170967741935485,,0
43.067,-79.017,2013,12,28.774193548387096,0.0,0
43.067,-79.017,2013,3,32.787096774193543,,0
43.067,-79.017,2013,6,65.226666666666674,0.0,0
43.067,-79.017,2013,11,38.241379310344826,0.0,0
43.067,-79.017,2013,2,26.342857142857145,,0
43.067,-79.017,2013,4,44.809999999999988,,0
43.067,-79.017,2013,5,59.690322580645159,0.0,0
42.571,-77.713,2013,2,27.896428571428569,5.9857142857142849,8
42.571,-77.713,2013,10,54.032258064516121,4.0741935483870959,20
42.571,-77.713,2013,6,67.440000000000026,4.7566666666666659,12
42.571,-77.713,2013,5,61.7,5.87741935483871,14
42.571,-77.713,2013,12,30.638709677419367,4.9838709677419351,8
42.571,-77.713,2013,8,68.896774193548382,4.0870967741935491,8
42.571,-77.713,2013,9,61.11999999999999,4.8166666666666655,13
42.571,-77.713,2013,4,47.883333333333333,7.0366666666666688,15
42.571,-77.713,2013,11,38.426666666666669,6.3833333333333329,14
42.571,-77.713,2013,1,30.180645161290325,5.7387096774193553,10
42.571,-77.713,2013,7,72.7,3.664516129032259,18
42.571,-77.713,2013,3,33.758064516129025,5.9193548387096788,6
43.117,-77.677,2013,8,69.038709677419348,5.32258064516129,12
43.117,-77.677,2013,12,29.016129032258068,7.7225806451612895,10
43.117,-77.677,2013,9,61.00333333333333,5.76,12
43.117,-77.677,2013,2,26.924999999999997,8.7285714285714278,8
43.117,-77.677,2013,11,38.263333333333328,9.1600000000000019,15
43.117,-77.677,2013,10,53.29999999999999,5.9806451612903224,19
43.117,-77.677,2013,5,61.670967741935492,7.006451612903227,12
43.117,-77.677,2013,6,66.553333333333342,6.4233333333333356,15
43.117,-77.677,2013,4,46.519999999999989,9.6433333333333326,17
43.117,-77.677,2013,7,72.845161290322565,5.2322580645161283,17
43.117,-77.677,2013,1,29.958064516129024,8.9645161290322566,9
43.117,-77.677,2013,3,33.41935483870968,8.88709677419355,6
42.207,-75.98,2013,9,58.116666666666667,5.3266666666666653,12
42.207,-75.98,2013,3,29.832258064516129,8.02258064516129,3
42.207,-75.98,2013,6,64.426666666666662,6.2799999999999994,15
42.207,-75.98,2013,4,43.956666666666678,8.2900000000000009,17
42.207,-75.98,2013,12,28.493548387096773,6.9161290322580635,12
42.207,-75.98,2013,11,35.223333333333329,8.4966666666666679,13
42.207,-75.98,2013,10,51.954838709677411,5.9387096774193537,17
42.207,-75.98,2013,2,24.00714285714286,7.6821428571428578,6
42.207,-75.98,2013,8,65.767741935483869,4.7451612903225806,13
42.207,-75.98,2013,1,26.109677419354835,7.5903225806451609,7
42.207,-75.98,2013,7,71.00645161290322,5.3483870967741929,16
42.207,-75.98,2013,5,57.916129032258056,6.6193548387096772,14
41.509,-74.265,2013,8,68.841935483870984,3.1741935483870969,14
41.509,-74.265,2013,9,61.223333333333343,3.3566666666666674,13
41.509,-74.265,2013,10,53.00645161290322,3.7322580645161296,13
41.509,-74.265,2013,5,59.480645161290319,3.9516129032258065,19
41.509,-74.265,2013,11,39.13666666666667,5.6899999999999986,14
41.509,-74.265,2013,3,36.0258064516129,6.9032258064516148,5
41.509,-74.265,2013,12,30.619354838709679,4.7967741935483863,12
41.509,-74.265,2013,4,48.82,5.7933333333333348,12
41.509,-74.265,2013,2,29.192857142857147,5.5357142857142856,8
41.509,-74.265,2013,7,75.91612903225807,4.0290322580645173,15
41.509,-74.265,2013,6,68.376666666666651,4.63,16
41.509,-74.265,2013,1,28.874193548387094,4.76774193548387,9
43.111,-76.104,2013,1,27.822580645161292,7.9838709677419351,12
43.111,-76.104,2013,12,28.777419354838706,7.370967741935484,11
43.111,-76.104,2013,3,33.596774193548391,8.4967741935483883,5
43.111,-76.104,2013,6,66.946666666666673,5.6633333333333331,18
43.111,-76.104,2013,5,60.951612903225815,6.37741935483871,15
43.111,-76.104,2013,11,38.486666666666672,8.9933333333333358,15
43.111,-76.104,2013,7,74.293548387096777,4.7967741935483863,19
43.111,-76.104,2013,9,61.31,5.2533333333333321,13
43.111,-76.104,2013,4,46.166666666666664,8.8300000000000018,20
43.111,-76.104,2013,2,26.049999999999997,8.2821428571428566,9
43.111,-76.104,2013,10,53.451612903225815,5.7838709677419349,21
43.111,-76.104,2013,8,69.6,4.9032258064516139,14
42.683,-79.05,2013,8,68.725806451612911,0.0,0
42.683,-79.05,2013,10,55.641935483870981,0.0,0
42.683,-79.05,2013,11,39.017241379310327,0.0,0
42.683,-79.05,2013,6,64.236666666666665,0.0,0
42.683,-79.05,2013,12,30.464516129032251,0.0,0
42.683,-79.05,2013,7,71.287096774193543,0.0,0
42.683,-79.05,2013,3,35.516129032258071,,0
42.683,-79.05,2013,5,57.175,0.0,0
42.683,-79.05,2013,2,29.589285714285712,,0
42.683,-79.05,2013,4,50.160000000000004,,0
42.683,-79.05,2013,1,32.954838709677418,,0
42.683,-79.05,2013,9,62.048275862068962,0.0,0
40.701,-74.014,2013,3,39.587096774193547,,0
40.701,-74.014,2013,1,35.909677419354843,,0
40.701,-74.014,2013,12,38.39032258064514,0.0,0
40.701,-74.014,2013,2,34.160714285714292,,0
40.701,-74.014,2013,10,60.129032258064527,0.0,0
40.701,-74.014,2013,7,78.719354838709677,0.0,0
40.701,-74.014,2013,5,61.335483870967749,0.0,0
40.701,-74.014,2013,11,45.103448275862071,0.0,0
40.701,-74.014,2013,6,71.416666666666671,0.0,0
40.701,-74.014,2013,8,73.625806451612888,0.0,0
40.701,-74.014,2013,9,67.224137931034477,0.0,0
40.701,-74.014,2013,4,51.103333333333325,,0
42.44,-76.246,2013,4,43.736666666666672,,0
42.44,-76.246,2013,11,34.686666666666667,,0
42.44,-76.246,2013,1,25.890322580645162,,0
42.44,-76.246,2013,12,27.616129032258069,,0
42.44,-76.246,2013,2,24.064285714285717,,0
42.44,-76.246,2013,9,56.246666666666663,,0
42.44,-76.246,2013,7,69.819354838709685,,0
42.44,-76.246,2013,3,29.638709677419349,,0
42.44,-76.246,2013,8,63.748387096774195,,0
42.44,-76.246,2013,10,50.683870967741946,,0
42.44,-76.246,2013,6,63.273333333333355,,0
42.44,-76.246,2013,5,56.480645161290326,,0
42.241,-78.371,2013,8,62.938709677419361,3.1322580645161286,14
42.241,-78.371,2013,4,41.900000000000006,6.7700000000000005,17
42.241,-78.371,2013,1,25.745161290322578,5.9387096774193546,8
42.241,-78.371,2013,7,66.745161290322585,3.1612903225806455,15
42.241,-78.371,2013,3,27.967741935483875,5.1,3
42.241,-78.371,2013,5,55.999999999999993,5.4709677419354827,13
42.241,-78.371,2013,2,22.228571428571431,4.7214285714285706,3
42.241,-78.371,2013,9,55.319999999999993,3.8099999999999996,14
42.241,-78.371,2013,6,61.446666666666665,3.8933333333333344,16
42.241,-78.371,2013,11,32.55333333333332,6.339999999999999,12
42.241,-78.371,2013,10,49.087096774193547,4.3354838709677415,19
42.241,-78.371,2013,12,26.238709677419354,4.790322580645161,8
43.267,-79.067,2013,8,70.435483870967744,6.4161290322580653,0
43.267,-79.067,2013,2,27.492857142857144,9.139285714285716,0
43.267,-79.067,2013,7,72.42258064516129,5.774193548387097,0
43.267,-79.067,2013,4,43.556666666666658,9.14333333333333,0
43.267,-79.067,2013,10,55.164516129032251,6.8483870967741929,0
43.267,-79.067,2013,5,57.083870967741944,7.0096774193548379,0
43.267,-79.067,2013,9,63.71724137931033,7.1655172413793116,0
43.267,-79.067,2013,6,65.5,6.07,0
43.267,-79.067,2013,1,31.48064516129033,9.8580645161290352,0
43.267,-79.067,2013,12,29.419354838709676,8.3612903225806452,0
43.267,-79.067,2013,3,33.816129032258054,9.30322580645161,0
43.267,-79.067,2013,11,40.513333333333335,11.176666666666668,0
42.747,-73.799,2013,6,67.820000000000007,4.8866666666666667,18
42.747,-73.799,2013,11,38.016666666666666,7.5400000000000009,14
42.747,-73.799,2013,1,26.409677419354836,6.806451612903226,9
42.747,-73.799,2013,3,33.9516129032258,7.9677419354838692,7
42.747,-73.799,2013,10,52.79032258064516,4.403225806451613,15
42.747,-73.799,2013,5,60.570967741935469,5.870967741935484,13
42.747,-73.799,2013,7,75.832258064516111,4.6354838709677413,13
42.747,-73.799,2013,9,61.260000000000005,4.3300000000000018,13
42.747,-73.799,2013,8,69.6516129032258,4.6258064516129043,8
42.747,-73.799,2013,12,28.232258064516127,5.4516129032258061,11
42.747,-73.799,2013,4,46.163333333333341,7.82,16
42.747,-73.799,2013,2,27.092857142857145,6.8107142857142868,8
44.703,-75.495,2013,2,21.349999999999998,,0
44.703,-75.495,2013,1,22.590322580645161,,0
44.703,-75.495,2013,5,57.783870967741933,0.0,0
44.703,-75.495,2013,10,52.025806451612908,0.0,0
44.703,-75.495,2013,9,59.875862068965525,0.0,0
44.703,-75.495,2013,11,34.557142857142871,0.0,0
44.703,-75.495,2013,8,68.3225806451613,0.0,0
44.703,-75.495,2013,3,31.4,,0
44.703,-75.495,2013,6,63.673333333333318,0.0,0
44.703,-75.495,2013,4,43.706666666666671,,0
44.703,-75.495,2013,7,70.806451612903217,0.0,0
44.703,-75.495,2013,12,21.251612903225812,0.0,0
40.794,-73.102,2013,2,32.614285714285707,9.4642857142857135,10
40.794,-73.102,2013,9,64.999999999999986,6.4933333333333341,7
40.794,-73.102,2013,3,38.36774193548387,9.7419354838709662,10
40.794,-73.102,2013,6,69.419999999999973,8.03,14
40.794,-73.102,2013,10,58.0516129032258,6.8322580645161306,9
40.794,-73.102,2013,11,44.139999999999993,8.7700000000000014,12
40.794,-73.102,2013,1,34.012903225806447,7.9451612903225808,9
40.794,-73.102,2013,8,71.903225806451616,6.0580645161290327,12
40.794,-73.102,2013,5,58.609677419354846,7.2516129032258059,15
40.794,-73.102,2013,7,77.3548387096774,7.2354838709677409,15
40.794,-73.102,2013,12,37.093548387096781,7.5709677419354842,12
40.794,-73.102,2013,4,49.396666666666661,9.2466666666666661,14
41.073,-71.923,2013,10,58.732258064516124,5.596774193548387,0
41.073,-71.923,2013,9,65.03,5.1466666666666674,0
41.073,-71.923,2013,8,70.574193548387086,4.26774193548387,0
41.073,-71.923,2013,1,35.425806451612914,7.8258064516129053,0
41.073,-71.923,2013,6,66.676666666666677,5.4866666666666672,0
41.073,-71.923,2013,4,47.243333333333339,6.7633333333333336,0
41.073,-71.923,2013,2,33.578571428571422,8.7178571428571416,0
41.073,-71.923,2013,5,56.70322580645162,5.4387096774193546,0
41.073,-71.923,2013,11,45.610000000000007,8.2300000000000022,0
41.073,-71.923,2013,12,38.900000000000006,7.887096774193548,0
41.073,-71.923,2013,7,75.309677419354841,4.8064516129032269,0
41.073,-71.923,2013,3,38.593548387096774,8.42258064516129,0
40.639,-73.762,2013,2,34.021428571428558,11.628571428571425,13
40.639,-73.762,2013,1,35.412903225806453,10.374193548387094,10
40.639,-73.762,2013,9,66.993333333333339,8.4533333333333349,9
40.639,-73.762,2013,5,59.1967741935484,8.9709677419354819,15
40.639,-73.762,2013,8,73.761290322580635,8.38709677419355,13
40.639,-73.762,2013,7,78.687096774193535,8.6516129032258071,16
40.639,-73.762,2013,10,59.641935483870959,8.945161290322579,14
40.639,-73.762,2013,4,50.046666666666674,10.84,13
40.639,-73.762,2013,11,45.416666666666671,11.189999999999998,11
40.639,-73.762,2013,6,69.863333333333358,9.5466666666666669,17
40.639,-73.762,2013,12,38.17741935483869,9.4354838709677438,12
40.639,-73.762,2013,3,39.480645161290319,12.016129032258066,10
40.822,-72.869,2013,5,57.851612903225814,6.1096774193548384,14
40.822,-72.869,2013,12,36.722580645161294,6.3580645161290334,11
40.822,-72.869,2013,9,63.826666666666668,5.0633333333333335,7
40.822,-72.869,2013,3,38.529032258064511,8.34193548387097,12
40.822,-72.869,2013,10,56.819354838709685,4.6193548387096763,10
40.822,-72.869,2013,4,48.970000000000006,7.6233333333333322,9
40.822,-72.869,2013,2,33.157142857142851,7.7071428571428582,10
40.822,-72.869,2013,1,34.493548387096773,6.8451612903225811,8
40.822,-72.869,2013,11,43.669999999999995,7.5233333333333334,11
40.822,-72.869,2013,7,76.887096774193566,5.8290322580645171,14
40.822,-72.869,2013,8,70.938709677419354,4.8645161290322587,15
40.822,-72.869,2013,6,68.71,6.7466666666666653,13
43.25,-77.583,2013,3,33.945161290322574,11.296774193548387,0
43.25,-77.583,2013,2,27.717857142857145,11.267857142857142,0
43.25,-77.583,2013,1,31.122580645161293,10.519354838709678,0
43.25,-77.583,2013,4,46.321428571428577,12.064285714285711,0
43.25,-77.583,2013,6,64.666666666666657,7.98,0
43.25,-77.583,2013,10,54.945161290322588,8.2774193548387114,0
43.25,-77.583,2013,5,57.403225806451616,8.14193548387097,0
43.25,-77.583,2013,11,39.866666666666674,11.983333333333334,0
43.25,-77.583,2013,8,69.861290322580658,7.3322580645161288,0
43.25,-77.583,2013,9,63.265517241379321,8.9206896551724171,0
43.25,-77.583,2013,7,72.364516129032268,6.8483870967741929,0
43.25,-77.583,2013,12,29.677419354838712,9.6741935483870947,0
41.067,-73.708,2013,5,59.054838709677419,5.6838709677419352,14
41.067,-73.708,2013,10,56.006451612903234,4.8483870967741929,11
41.067,-73.708,2013,1,32.396774193548382,6.6580645161290333,8
41.067,-73.708,2013,12,34.738709677419358,5.7709677419354852,12
41.067,-73.708,2013,9,63.510000000000012,4.77,9
41.067,-73.708,2013,11,42.056666666666665,7.5200000000000005,11
41.067,-73.708,2013,3,37.535483870967752,9.5258064516129011,6
41.067,-73.708,2013,2,31.13214285714286,8.6107142857142875,8
41.067,-73.708,2013,7,76.790322580645139,4.6870967741935488,15
41.067,-73.708,2013,6,69.163333333333327,5.3933333333333318,14
41.067,-73.708,2013,8,70.364516129032268,4.4129032258064527,12
41.067,-73.708,2013,4,49.186666666666667,7.55,9
41.5,-74.1,2013,5,60.532258064516128,5.6806451612903217,11
41.5,-74.1,2013,7,76.390322580645162,5.5064516129032253,5
41.5,-74.1,2013,12,31.961290322580638,5.7225806451612895,11
41.5,-74.1,2013,10,54.738709677419358,5.2516129032258076,4
41.5,-74.1,2013,3,35.809677419354834,8.564516129032258,8
41.5,-74.1,2013,2,29.071428571428569,7.59642857142857,8
41.5,-74.1,2013,6,68.999999999999986,6.9433333333333342,14
41.5,-74.1,2013,9,62.13,4.1133333333333333,14
41.5,-74.1,2013,1,29.870967741935488,6.8290322580645162,8
41.5,-74.1,2013,8,69.561290322580646,4.661290322580645,11
41.5,-74.1,2013,11,40.353333333333332,7.6866666666666648,10
41.5,-74.1,2013,4,49.18333333333333,8.3333333333333339,12
44.385,-74.207,2013,12,19.535483870967745,4.8677419354838705,8
44.385,-74.207,2013,3,25.393548387096779,4.8451612903225811,2
44.385,-74.207,2013,5,53.470967741935489,4.7322580645161292,14
44.385,-74.207,2013,10,44.396774193548374,4.4258064516129023,13
44.385,-74.207,2013,11,27.880000000000003,5.6566666666666654,9
44.385,-74.207,2013,8,61.099999999999987,3.6258064516129029,15
44.385,-74.207,2013,2,16.5,4.5928571428571416,1
44.385,-74.207,2013,9,53.09333333333332,3.8799999999999994,11
44.385,-74.207,2013,7,66.296774193548387,3.6193548387096772,18
44.385,-74.207,2013,6,59.14,4.21,18
44.385,-74.207,2013,1,17.216129032258067,5.3709677419354831,5
44.385,-74.207,2013,4,37.66,6.1633333333333349,14
43.35,-76.385,2013,3,32.480645161290312,7.538709677419356,6
43.35,-76.385,2013,9,59.76,3.8966666666666669,14
43.35,-76.385,2013,12,27.86774193548387,6.3000000000000007,9
43.35,-76.385,2013,1,26.516129032258061,6.8354838709677406,13
43.35,-76.385,2013,5,59.567741935483873,4.8935483870967742,13
43.35,-76.385,2013,6,64.69,4.5766666666666653,14
43.35,-76.385,2013,4,45.273333333333319,8.08,19
43.35,-76.385,2013,11,37.756666666666668,8.1666666666666679,14
43.35,-76.385,2013,10,52.383870967741942,4.4451612903225808,18
43.35,-76.385,2013,8,67.467741935483843,3.8290322580645162,11
43.35,-76.385,2013,7,72.154838709677435,3.8032258064516133,17
43.35,-76.385,2013,2,26.510714285714286,7.35,7
43.267,-77.617,2013,2,27.328571428571429,,0
43.267,-77.617,2013,10,53.783870967741926,0.0,0
43.267,-77.617,2013,1,30.677419354838712,,0
43.267,-77.617,2013,12,29.087096774193544,0.0,0
43.267,-77.617,2013,8,69.229032258064521,0.0,0
43.267,-77.617,2013,11,38.6,0.0,0
43.267,-77.617,2013,5,56.796774193548394,0.0,0
43.267,-77.617,2013,6,64.61666666666666,0.0,0
43.267,-77.617,2013,3,33.822580645161281,,0
43.267,-77.617,2013,4,46.214285714285708,,0
43.267,-77.617,2013,9,62.50344827586207,0.0,0
43.267,-77.617,2013,7,72.035483870967724,0.0,0
41.786,-73.742,2013,3,34.774193548387096,,0
41.786,-73.742,2013,7,74.048387096774192,,0
41.786,-73.742,2013,1,28.406451612903229,,0
41.786,-73.742,2013,8,66.938709677419382,,0
41.786,-73.742,2013,2,28.885714285714286,,0
41.786,-73.742,2013,11,39.036666666666669,,0
41.786,-73.742,2013,10,51.925806451612907,,0
41.786,-73.742,2013,12,30.354838709677416,,0
41.786,-73.742,2013,5,58.464516129032255,,0
41.786,-73.742,2013,4,47.33,,0
41.786,-73.742,2013,6,66.416666666666671,,0
41.786,-73.742,2013,9,59.326666666666675,,0
42.109,-77.992,2013,6,63.343333333333334,5.7566666666666677,16
42.109,-77.992,2013,4,43.936666666666675,8.9699999999999989,16
42.109,-77.992,2013,8,64.664516129032251,4.8870967741935472,11
42.109,-77.992,2013,12,28.370967741935477,8.0193548387096758,10
42.109,-77.992,2013,3,28.929032258064517,8.8516129032258064,4
42.109,-77.992,2013,9,57.666666666666671,5.0133333333333345,13
42.109,-77.992,2013,2,23.7,8.71071428571429,5
42.109,-77.992,2013,10,51.738709677419358,6.0032258064516117,20
42.109,-77.992,2013,7,68.635483870967732,4.7258064516129039,15
42.109,-77.992,2013,5,57.635483870967747,7.1666666666666661,11
42.109,-77.992,2013,11,34.585714285714289,9.61785714285714,11
42.109,-77.992,2013,1,27.21290322580646,8.5838709677419356,7
43.108,-78.938,2013,3,32.545161290322589,9.2903225806451584,9
43.108,-78.938,2013,12,27.370967741935488,9.3129032258064512,9
43.108,-78.938,2013,7,71.829032258064515,6.5032258064516126,17
43.108,-78.938,2013,9,60.730000000000004,6.2333333333333343,14
43.108,-78.938,2013,4,44.853333333333339,10.230000000000002,17
43.108,-78.938,2013,6,65.216666666666669,6.9233333333333329,16
43.108,-78.938,2013,8,68.512903225806454,6.0645161290322562,12
43.108,-78.938,2013,2,25.267857142857139,9.478571428571426,7
43.108,-78.938,2013,10,52.764516129032259,7.0258064516129028,20
43.108,-78.938,2013,11,37.476666666666659,10.54,14
43.108,-78.938,2013,1,29.209677419354836,10.516129032258066,12
43.108,-78.938,2013,5,60.070967741935483,7.5161290322580623,14
41.701,-74.795,2013,3,31.08064516129032,8.6741935483870964,0
41.701,-74.795,2013,1,25.62903225806452,5.8516129032258064,0
41.701,-74.795,2013,6,64.46,5.3233333333333333,4
41.701,-74.795,2013,12,27.858064516129033,4.3225806451612909,0
41.701,-74.795,2013,10,50.900000000000013,5.2709677419354843,1
41.701,-74.795,2013,8,65.1741935483871,4.1354838709677413,2
41.701,-74.795,2013,5,56.125806451612895,5.7354838709677418,2
41.701,-74.795,2013,11,35.146666666666668,6.9166666666666661,0
41.701,-74.795,2013,2,25.017857142857142,7.5178571428571415,0
41.701,-74.795,2013,9,57.920000000000009,4.8633333333333333,5
41.701,-74.795,2013,4,44.816666666666677,7.5633333333333335,2
41.701,-74.795,2013,7,71.961290322580652,4.8451612903225794,2
40.844,-72.632,2013,9,61.793333333333337,5.0966666666666658,8
40.844,-72.632,2013,7,76.090322580645164,6.3225806451612909,14
40.844,-72.632,2013,6,67.52,6.8533333333333326,13
40.844,-72.632,2013,11,43.070000000000014,7.9999999999999982,10
40.844,-72.632,2013,1,33.125806451612917,7.112903225806452,9
40.844,-72.632,2013,8,69.648387096774215,5.1677419354838694,13
40.844,-72.632,2013,3,37.645161290322584,8.954838709677416,11
40.844,-72.632,2013,10,54.990322580645163,5.7387096774193553,9
40.844,-72.632,2013,4,47.973333333333329,7.84,12
40.844,-72.632,2013,5,56.290322580645167,6.2967741935483881,14
40.844,-72.632,2013,2,32.328571428571422,8.71785714285714,10
40.844,-72.632,2013,12,36.845161290322579,6.783870967741934,14
41.626,-73.882,2013,4,49.316666666666684,5.2433333333333323,9
41.626,-73.882,2013,10,54.077419354838717,2.8129032258064512,9
41.626,-73.882,2013,5,60.235483870967748,3.5290322580645159,13
41.626,-73.882,2013,9,61.996666666666677,2.2966666666666669,8
41.626,-73.882,2013,3,36.941935483870964,5.7645161290322582,5
41.626,-73.882,2013,12,32.016129032258064,3.14516129032258,10
41.626,-73.882,2013,6,69.033333333333317,3.6999999999999997,16
41.626,-73.882,2013,8,69.596774193548384,2.2612903225806451,15
41.626,-73.882,2013,11,40.653333333333329,4.7600000000000025,12
41.626,-73.882,2013,1,29.903225806451609,4.0677419354838689,9
41.626,-73.882,2013,2,30.482142857142854,5.0107142857142852,7
41.626,-73.882,2013,7,77.0935483870968,2.9387096774193551,11
44.936,-74.846,2013,10,49.545161290322582,5.6225806451612907,14
44.936,-74.846,2013,6,63.613333333333337,5.7366666666666672,19
44.936,-74.846,2013,4,43.476666666666667,7.9933333333333314,16
44.936,-74.846,2013,1,20.238709677419358,6.7870967741935484,10
44.936,-74.846,2013,12,18.658064516129038,6.4741935483870972,3
44.936,-74.846,2013,9,57.653333333333329,4.96,14
44.936,-74.846,2013,5,58.62903225806452,5.7967741935483872,17
44.936,-74.846,2013,8,66.738709677419351,5.0999999999999988,16
44.936,-74.846,2013,7,70.58709677419354,4.9580645161290313,13
44.936,-74.846,2013,11,33.839999999999996,8.2433333333333358,12
44.936,-74.846,2013,2,19.760714285714286,7.632142857142858,7
44.936,-74.846,2013,3,30.390322580645154,6.7935483870967737,5
42.346,-79.596,2013,4,47.103571428571442,,0
42.346,-79.596,2013,7,71.82580645161292,7.7709677419354835,0
42.346,-79.596,2013,12,32.212903225806443,13.393548387096773,0
42.346,-79.596,2013,8,70.090322580645179,8.2258064516129039,0
42.346,-79.596,2013,5,59.129032258064527,9.493548387096773,0
42.346,-79.596,2013,6,64.933333333333323,8.1166666666666689,0
42.346,-79.596,2013,2,27.7,,0
42.346,-79.596,2013,10,56.893548387096772,10.335483870967739,0
42.346,-79.596,2013,1,33.038709677419355,14.014285714285714,0
42.346,-79.596,2013,11,41.27,14.920000000000002,0
42.346,-79.596,2013,9,64.0103448275862,9.1413793103448278,0
42.346,-79.596,2013,3,33.138709677419349,,0
40.734,-73.417,2013,2,33.13214285714286,8.5821428571428591,9
40.734,-73.417,2013,10,58.070967741935483,6.2677419354838726,3
40.734,-73.417,2013,8,72.219354838709691,5.9,10
40.734,-73.417,2013,7,77.448387096774169,6.9645161290322584,14
40.734,-73.417,2013,11,43.78,8.0100000000000016,9
40.734,-73.417,2013,1,34.548387096774192,7.4161290322580644,8
40.734,-73.417,2013,4,49.446666666666665,8.5333333333333314,7
40.734,-73.417,2013,9,65.379999999999981,6.2666666666666675,5
40.734,-73.417,2013,6,69.390000000000015,7.5500000000000007,13
40.734,-73.417,2013,3,38.5483870967742,8.4129032258064527,8
40.734,-73.417,2013,12,36.632258064516137,6.5258064516129046,10
40.734,-73.417,2013,5,58.806451612903238,6.67741935483871,14
42.017,-73.917,2013,1,29.961290322580645,,0
42.017,-73.917,2013,3,36.222580645161287,1.1125,0
42.017,-73.917,2013,4,48.316666666666677,,0
42.017,-73.917,2013,10,52.845833333333346,0.0,0
42.017,-73.917,2013,7,75.7103448275862,0.0,0
42.017,-73.917,2013,9,61.258620689655181,0.0,0
42.017,-73.917,2013,6,66.98846153846155,0.0,0
42.017,-73.917,2013,2,29.842857142857142,1.5782608695652174,0
42.017,-73.917,2013,8,68.8258064516129,0.0,0
42.017,-73.917,2013,11,40.823333333333338,0.0,0
42.017,-73.917,2013,12,31.183870967741935,0.0,0
42.017,-73.917,2013,5,59.977272727272734,0.0,0
41.05,-71.97,2013,10,58.935483870967744,0.0,0
41.05,-71.97,2013,7,73.767741935483855,0.0,0
41.05,-71.97,2013,11,45.941379310344836,0.0,0
41.05,-71.97,2013,12,39.280645161290316,0.0,0
41.05,-71.97,2013,4,46.143333333333324,,0
41.05,-71.97,2013,5,55.787096774193543,0.0,0
41.05,-71.97,2013,9,64.717241379310352,0.0,0
41.05,-71.97,2013,1,35.651612903225811,,0
41.05,-71.97,2013,6,65.396666666666661,0.0,0
41.05,-71.97,2013,3,38.077419354838725,,0
41.05,-71.97,2013,8,69.826666666666654,0.0,0
41.05,-71.97,2013,2,33.660714285714292,,0
40.779,-73.88,2013,12,38.293548387096777,8.7967741935483872,13
40.779,-73.88,2013,11,45.546666666666674,10.49,12
40.779,-73.88,2013,5,62.5,8.1838709677419335,14
40.779,-73.88,2013,10,60.532258064516128,8.8741935483870957,11
40.779,-73.88,2013,7,80.6741935483871,8.1096774193548367,17
40.779,-73.88,2013,6,73.336666666666659,8.62,17
40.779,-73.88,2013,9,67.99,7.6566666666666645,10
40.779,-73.88,2013,1,35.967741935483872,9.85483870967742,11
40.779,-73.88,2013,2,34.214285714285715,10.760714285714288,12
40.779,-73.88,2013,4,51.986666666666665,9.5433333333333312,13
40.779,-73.88,2013,3,39.91935483870968,11.345161290322579,9
40.779,-73.88,2013,8,74.970967741935468,7.2483870967741932,12
40.779,-73.969,2013,7,79.245161290322571,3.8612903225806448,13
40.779,-73.969,2013,10,59.954838709677418,4.3387096774193559,6
40.779,-73.969,2013,11,45.31,5.38,9
40.779,-73.969,2013,3,39.474193548387092,6.4322580645161285,6
40.779,-73.969,2013,6,71.936666666666667,3.9999999999999996,13
40.779,-73.969,2013,4,52.19,5.4866666666666664,10
40.779,-73.969,2013,2,33.782142857142858,6.1857142857142859,8
40.779,-73.969,2013,9,67.36,3.46,6
40.779,-73.969,2013,5,62.064516129032256,3.9935483870967734,9
40.779,-73.969,2013,8,73.864516129032282,3.2741935483870974,13
40.779,-73.969,2013,12,38.841935483870976,5.096774193548387,9
40.779,-73.969,2013,1,35.148387096774194,5.5774193548387094,8
43.992,-76.022,2013,8,67.9225806451613,4.7516129032258068,11
43.992,-76.022,2013,7,72.067741935483866,5.1419354838709683,16
43.992,-76.022,2013,11,36.756666666666661,8.11,13
43.992,-76.022,2013,5,59.196774193548386,5.9935483870967756,13
43.992,-76.022,2013,10,52.412903225806446,6.1709677419354847,17
43.992,-76.022,2013,12,25.129032258064516,6.8516129032258064,10
43.992,-76.022,2013,2,23.482142857142858,6.9250000000000007,8
43.992,-76.022,2013,1,26.393548387096775,7.5258064516129028,13
43.992,-76.022,2013,4,44.823333333333323,8.48,16
43.992,-76.022,2013,3,32.606451612903228,7.03225806451613,5
43.992,-76.022,2013,9,59.666666666666657,5.0133333333333328,11
43.992,-76.022,2013,6,64.339999999999989,5.18,16
42.493,-79.272,2013,1,31.448387096774198,10.070967741935485,12
42.493,-79.272,2013,12,30.312903225806458,9.59032258064516,9
42.493,-79.272,2013,5,60.564516129032263,7.474193548387098,13
42.493,-79.272,2013,6,65.5,7.5233333333333352,14
42.493,-79.272,2013,3,32.7483870967742,8.82258064516129,5
42.493,-79.272,2013,8,68.335483870967749,8.6516129032258053,9
42.493,-79.272,2013,4,46.029999999999994,9.90333333333333,17
42.493,-79.272,2013,10,54.264516129032252,8.7483870967741915,18
42.493,-79.272,2013,7,71.306451612903231,7.887096774193548,15
42.493,-79.272,2013,11,39.249999999999993,11.236666666666666,12
42.493,-79.272,2013,2,27.860714285714288,8.9607142857142872,9
42.493,-79.272,2013,9,61.413333333333327,8.2333333333333343,12
42.941,-78.736,2013,5,61.170967741935478,8.07741935483871,14
42.941,-78.736,2013,4,45.943333333333328,10.293333333333337,19
42.941,-78.736,2013,3,32.674193548387095,9.377419354838711,5
42.941,-78.736,2013,1,29.86451612903226,10.25483870967742,9
42.941,-78.736,2013,8,69.206451612903209,6.8677419354838714,13
42.941,-78.736,2013,10,54.164516129032251,7.2032258064516128,19
42.941,-78.736,2013,7,72.364516129032268,6.9258064516129032,15
42.941,-78.736,2013,12,28.525806451612898,9.4967741935483865,8
42.941,-78.736,2013,2,26.203571428571426,9.4607142857142854,8
42.941,-78.736,2013,6,65.716666666666654,7.2866666666666671,16
42.941,-78.736,2013,9,61.716666666666669,6.3833333333333329,13
42.941,-78.736,2013,11,38.056666666666665,10.443333333333333,14
42.85,-73.95,2013,10,52.504347826086963,4.5782608695652165,5
42.85,-73.95,2013,3,38.375000000000014,8.58,2
42.85,-73.95,2013,9,61.804761904761889,4.8999999999999995,3
42.85,-73.95,2013,6,69.312,6.0360000000000005,10
42.85,-73.95,2013,11,38.18928571428571,6.5285714285714294,4
42.85,-73.95,2013,1,27.135714285714286,6.8964285714285705,4
42.85,-73.95,2013,5,62.778260869565216,6.0347826086956529,7
42.85,-73.95,2013,7,80.74375,6.4500000000000011,4
42.85,-73.95,2013,12,31.581818181818186,4.5409090909090919,4
42.85,-73.95,2013,2,28.5,7.94782608695652,2
42.85,-73.95,2013,4,48.252941176470586,8.1588235294117641,3
42.85,-73.95,2013,8,72.97,5.5649999999999995,3
40.639,-74.146,2013,9,66.7344827586207,5.565517241379311,0
40.639,-74.146,2013,5,62.019354838709674,5.4096774193548391,0
40.639,-74.146,2013,8,73.622580645161293,4.5838709677419365,0
40.639,-74.146,2013,6,72.453333333333333,5.583333333333333,0
40.639,-74.146,2013,12,38.96521739130435,5.6521739130434794,0
40.639,-74.146,2013,3,39.532258064516121,8.9161290322580626,0
40.639,-74.146,2013,11,44.862068965517246,7.813793103448277,0
40.639,-74.146,2013,7,79.435483870967758,4.9387096774193537,0
40.639,-74.146,2013,4,51.820000000000014,6.9633333333333329,0
40.639,-74.146,2013,1,35.732258064516131,6.9870967741935486,0
40.639,-74.146,2013,2,33.946428571428569,8.0428571428571445,0
40.639,-74.146,2013,10,59.37096774193548,5.0516129032258075,0
43.338,-73.61,2013,4,45.11,5.8400000000000007,12
43.338,-73.61,2013,8,66.841935483870955,3.3354838709677419,12
43.338,-73.61,2013,1,22.370967741935484,3.8838709677419359,6
43.338,-73.61,2013,12,25.467741935483868,3.3483870967741942,9
43.338,-73.61,2013,6,65.31,3.9600000000000004,19
43.338,-73.61,2013,5,58.719354838709677,4.3129032258064512,12
43.338,-73.61,2013,7,73.145161290322562,3.5580645161290332,15
43.338,-73.61,2013,10,49.906451612903219,3.0225806451612907,10
43.338,-73.61,2013,9,58.4,3.6100000000000003,11
43.338,-73.61,2013,11,35.26,4.9966666666666679,10
43.338,-73.61,2013,3,33.096774193548377,5.0419354838709678,6
43.338,-73.61,2013,2,24.235714285714284,4.175,6
42.483,-76.467,2013,11,36.196666666666673,9.4466666666666672,15
42.483,-76.467,2013,3,30.967741935483875,8.1967741935483858,11
42.483,-76.467,2013,6,64.780000000000015,5.3533333333333335,14
42.483,-76.467,2013,4,45.096666666666664,8.6433333333333344,18
42.483,-76.467,2013,10,52.000000000000007,5.2387096774193562,17
42.483,-76.467,2013,2,25.264285714285712,8.0142857142857142,9
42.483,-76.467,2013,12,28.854838709677413,6.9838709677419359,14
42.483,-76.467,2013,5,59.164516129032265,6.57741935483871,9
42.483,-76.467,2013,8,65.890322580645176,3.9387096774193551,11
42.483,-76.467,2013,9,58.166666666666671,5.1166666666666663,11
42.483,-76.467,2013,7,71.322580645161281,4.274193548387097,15
42.483,-76.467,2013,1,27.077419354838714,7.81290322580645,10
44.65,-73.467,2013,7,71.354838709677452,3.9322580645161285,15
44.65,-73.467,2013,12,21.990322580645159,3.7354838709677423,10
44.65,-73.467,2013,6,63.696666666666687,4.3233333333333333,19
44.65,-73.467,2013,1,20.680645161290325,5.0354838709677425,8
44.65,-73.467,2013,8,67.122580645161293,3.7645161290322582,13
44.65,-73.467,2013,5,56.941935483870957,5.6483870967741936,15
44.65,-73.467,2013,10,49.599999999999994,4.0677419354838715,14
44.65,-73.467,2013,4,43.143333333333331,6.8633333333333333,16
44.65,-73.467,2013,9,58.62,4.1166666666666671,10
44.65,-73.467,2013,3,32.49354838709678,5.8096774193548386,5
44.65,-73.467,2013,2,22.989285714285714,5.0571428571428569,6
44.65,-73.467,2013,11,34.393333333333345,5.6866666666666665,12
43.333,-78.717,2013,6,63.810000000000009,7.866666666666668,0
43.333,-78.717,2013,2,27.12,10.640000000000002,0
43.333,-78.717,2013,11,39.56333333333334,12.41,0
43.333,-78.717,2013,10,54.009677419354823,8.6870967741935488,0
43.333,-78.717,2013,3,33.973333333333329,11.38,0
43.333,-78.717,2013,7,70.48064516129034,6.7709677419354835,0
43.333,-78.717,2013,12,29.45,10.36,0
43.333,-78.717,2013,1,30.179166666666664,10.470833333333331,0
43.333,-78.717,2013,5,55.096774193548391,8.35161290322581,0
43.333,-78.717,2013,8,69.232258064516131,7.4387096774193537,0
43.333,-78.717,2013,9,62.131034482758615,8.210344827586205,0
43.333,-78.717,2013,4,43.735714285714288,11.749999999999998,0
42.643,-77.056,2013,11,37.643333333333331,8.2833333333333314,13
42.643,-77.056,2013,2,26.639285714285712,6.8678571428571429,7
42.643,-77.056,2013,9,60.653333333333336,4.5999999999999988,12
42.643,-77.056,2013,6,66.169999999999987,4.4399999999999995,14
42.643,-77.056,2013,5,60.570967741935483,6.0387096774193543,12
42.643,-77.056,2013,3,32.432258064516134,6.80967741935484,7
42.643,-77.056,2013,1,29.193548387096776,7.8032258064516125,10
42.643,-77.056,2013,7,72.083870967741944,3.4419354838709673,14
42.643,-77.056,2013,4,45.806666666666658,7.7333333333333334,17
42.643,-77.056,2013,10,53.438709677419361,4.7548387096774185,16
42.643,-77.056,2013,12,29.719354838709673,6.7967741935483863,9
42.643,-77.056,2013,8,68.019354838709688,3.774193548387097,11
40.8,-73.77,2013,11,45.27241379310346,10.024137931034485,0
40.8,-73.77,2013,12,38.054838709677412,7.8741935483870966,0
40.8,-73.77,2013,3,38.670967741935485,9.2129032258064534,0
40.8,-73.77,2013,8,73.4193548387097,5.8129032258064512,0
40.8,-73.77,2013,5,59.996774193548383,6.2967741935483863,0
40.8,-73.77,2013,9,67.037931034482753,6.5379310344827584,0
40.8,-73.77,2013,1,35.474193548387092,9.064516129032258,0
40.8,-73.77,2013,10,59.91290322580646,6.4322580645161276,0
40.8,-73.77,2013,7,77.609677419354838,5.5322580645161272,0
40.8,-73.77,2013,4,49.830000000000013,7.6433333333333335,0
40.8,-73.77,2013,2,33.589285714285708,8.8678571428571438,0
40.8,-73.77,2013,6,70.276666666666657,6.38,0
40.96,-72.252,2013,6,69.199999999999989,9.0666666666666664,8
40.96,-72.252,2013,8,71.523333333333341,6.0733333333333324,8
40.96,-72.252,2013,10,60.634782608695659,8.1434782608695659,1
40.96,-72.252,2013,1,37.923076923076927,8.56923076923077,2
40.96,-72.252,2013,5,61.156521739130433,8.0695652173913022,7
40.96,-72.252,2013,11,46.93333333333333,8.5733333333333324,5
40.96,-72.252,2013,7,76.49354838709678,7.2354838709677418,8
40.96,-72.252,2013,4,49.872222222222227,9.9166666666666679,1
40.96,-72.252,2013,9,65.299999999999983,5.70344827586207,4
40.96,-72.252,2013,2,35.730769230769226,8.861538461538462,2
40.96,-72.252,2013,3,40.107142857142854,11.049999999999999,1
40.96,-72.252,2013,12,39.777777777777779,6.7166666666666668,4
43.234,-75.412,2013,7,72.945161290322559,4.3999999999999986,18
43.234,-75.412,2013,1,24.493548387096769,6.7612903225806438,11
43.234,-75.412,2013,8,67.296774193548416,4.3258064516129044,14
43.234,-75.412,2013,5,59.00967741935483,6.04516129032258,15
43.234,-75.412,2013,6,64.960000000000008,5.2266666666666675,17
43.234,-75.412,2013,4,44.003333333333337,8.06,21
43.234,-75.412,2013,11,35.519999999999996,7.63,17
43.234,-75.412,2013,3,31.14516129032258,7.21290322580645,3
43.234,-75.412,2013,2,24.017857142857142,7.4178571428571436,9
43.234,-75.412,2013,12,26.503225806451614,6.3580645161290334,10
43.234,-75.412,2013,10,50.809677419354834,4.9709677419354845,18
43.234,-75.412,2013,9,59.413333333333327,4.5600000000000005,14
44.05,-75.733,2013,3,30.058064516129033,7.4870967741935477,12
44.05,-75.733,2013,2,21.714285714285715,7.7571428571428562,12
44.05,-75.733,2013,7,71.187096774193535,5.7935483870967754,28
44.05,-75.733,2013,6,63.640000000000008,6.23,24
44.05,-75.733,2013,5,59.245161290322585,7.5548387096774183,17
44.05,-75.733,2013,9,58.403333333333336,5.9866666666666672,20
44.05,-75.733,2013,12,22.58064516129032,6.1903225806451614,12
44.05,-75.733,2013,4,43.216666666666669,9.7166666666666686,22
44.05,-75.733,2013,10,50.790322580645167,6.8838709677419354,23
44.05,-75.733,2013,1,23.274193548387093,8.2612903225806473,19
44.05,-75.733,2013,8,66.732258064516117,5.5806451612903221,20
44.05,-75.733,2013,11,34.179999999999993,8.1233333333333384,18
42.15,-79.25,2014,4,44.259999999999984,8.34,1
42.15,-79.25,2014,8,63.609677419354846,5.1483870967741945,5
42.15,-79.25,2014,5,56.022580645161291,6.661290322580645,4
42.15,-79.25,2014,7,64.532258064516157,5.9935483870967738,8
42.15,-79.25,2014,2,17.889285714285712,7.5357142857142874,0
42.15,-79.25,2014,10,49.532258064516128,7.64516129032258,0
42.15,-79.25,2014,9,57.79,5.4433333333333334,2
42.15,-79.25,2014,3,24.858064516129033,8.2935483870967754,0
42.15,-79.25,2014,12,30.961290322580648,7.6870967741935479,0
42.15,-79.25,2014,6,65.206666666666663,5.7833333333333332,5
42.15,-79.25,2014,1,16.445161290322584,9.3645161290322587,0
42.15,-79.25,2014,11,33.823333333333331,8.75333333333333,0
42.159,-76.892,2014,11,38.080000000000005,6.3866666666666667,9
42.159,-76.892,2014,4,46.323333333333345,5.68,17
42.159,-76.892,2014,10,53.209677419354847,5.6064516129032258,16
42.159,-76.892,2014,9,61.226666666666667,3.7800000000000002,11
42.159,-76.892,2014,3,28.664516129032254,6.3516129032258055,7
42.159,-76.892,2014,7,68.990322580645156,3.8322580645161293,12
42.159,-76.892,2014,12,34.096774193548384,5.2645161290322582,12
42.159,-76.892,2014,5,59.838709677419359,4.9290322580645158,17
42.159,-76.892,2014,8,66.190322580645159,3.1741935483870969,11
42.159,-76.892,2014,6,67.813333333333318,3.8033333333333332,15
42.159,-76.892,2014,2,21.339285714285712,5.3178571428571431,6
42.159,-76.892,2014,1,20.4741935483871,6.0612903225806445,6
43.067,-79.017,2014,10,54.0774193548387,0.0,0
43.067,-79.017,2014,8,69.232258064516131,0.0,0
43.067,-79.017,2014,2,21.025,0.0,0
43.067,-79.017,2014,5,55.861290322580643,0.0,0
43.067,-79.017,2014,6,67.999999999999986,0.0,0
43.067,-79.017,2014,4,44.113333333333337,0.0,0
43.067,-79.017,2014,9,63.843333333333312,0.0,0
43.067,-79.017,2014,3,26.622580645161289,0.0,0
43.067,-79.017,2014,12,33.909677419354836,0.0,0
43.067,-79.017,2014,11,38.476666666666667,0.0,0
43.067,-79.017,2014,1,20.280645161290323,0.0,0
43.067,-79.017,2014,7,69.1032258064516,0.0,0
42.571,-77.713,2014,3,29.009677419354848,7.0612903225806454,8
42.571,-77.713,2014,7,69.293103448275858,4.5678571428571431,16
42.571,-77.713,2014,9,61.81,5.09,9
42.571,-77.713,2014,8,67.283870967741947,4.8032258064516116,11
42.571,-77.713,2014,12,34.548387096774185,6.283870967741934,12
42.571,-77.713,2014,11,38.00333333333333,6.1266666666666669,10
42.571,-77.713,2014,2,21.896428571428572,5.3571428571428577,5
42.571,-77.713,2014,6,70.346428571428589,5.4607142857142863,11
42.571,-77.713,2014,1,21.132258064516126,6.2129032258064525,5
42.571,-77.713,2014,5,61.41612903225807,5.3612903225806443,21
42.571,-77.713,2014,4,47.606666666666669,7.4399999999999995,14
42.571,-77.713,2014,10,53.5483870967742,6.0548387096774174,19
43.117,-77.677,2014,11,38.586666666666673,9.49,14
43.117,-77.677,2014,12,34.37096774193548,8.26774193548387,15
43.117,-77.677,2014,5,59.929032258064517,7.2774193548387105,17
43.117,-77.677,2014,9,62.686666666666675,5.74,11
43.117,-77.677,2014,10,54.035483870967738,8.0387096774193552,21
43.117,-77.677,2014,2,21.828571428571433,8.978571428571426,5
43.117,-77.677,2014,7,69.316129032258075,6.0935483870967735,16
43.117,-77.677,2014,6,69.266666666666666,5.7966666666666677,13
43.117,-77.677,2014,1,21.106451612903225,10.216129032258065,6
43.117,-77.677,2014,4,46.269999999999989,8.33,15
43.117,-77.677,2014,3,27.703225806451613,9.0516129032258039,9
43.117,-77.677,2014,8,67.9516129032258,5.3677419354838714,14
42.207,-75.98,2014,3,26.154838709677417,8.2580645161290338,5
42.207,-75.98,2014,6,66.086666666666673,5.9533333333333323,13
42.207,-75.98,2014,7,67.683870967741939,5.6645161290322585,15
42.207,-75.98,2014,11,36.396666666666661,8.413333333333334,9
42.207,-75.98,2014,8,65.358064516129019,5.2354838709677409,14
42.207,-75.98,2014,12,30.519354838709674,7.9838709677419351,14
42.207,-75.98,2014,4,44.589999999999996,8.42,14
42.207,-75.98,2014,2,20.760714285714286,7.2357142857142858,4
42.207,-75.98,2014,5,57.899999999999991,6.7516129032258068,16
42.207,-75.98,2014,1,17.890322580645162,7.8677419354838714,6
42.207,-75.98,2014,10,51.538709677419362,7.7709677419354843,17
42.207,-75.98,2014,9,60.53,5.923333333333332,10
41.509,-74.265,2014,4,48.413333333333334,6.5066666666666677,13
41.509,-74.265,2014,8,68.6064516129032,3.6387096774193548,10
41.509,-74.265,2014,5,60.745161290322578,5.5161290322580658,18
41.509,-74.265,2014,11,38.883333333333326,5.4966666666666661,9
41.509,-74.265,2014,6,68.63333333333334,3.833333333333333,13
41.509,-74.265,2014,3,30.783870967741937,6.2290322580645148,10
41.509,-74.265,2014,2,23.485714285714284,5.2785714285714285,8
41.509,-74.265,2014,7,71.748387096774181,4.2967741935483872,15
41.509,-74.265,2014,9,63.62,3.7566666666666664,13
41.509,-74.265,2014,12,34.951612903225815,6.0806451612903221,13
41.509,-74.265,2014,1,22.432258064516134,6.15483870967742,7
41.509,-74.265,2014,10,54.541935483870972,5.4580645161290331,15
43.111,-76.104,2014,8,68.890322580645162,5.17741935483871,18
43.111,-76.104,2014,10,55.138709677419357,7.7677419354838717,23
43.111,-76.104,2014,5,60.225806451612904,6.6806451612903217,15
43.111,-76.104,2014,4,46.053333333333327,8.0499999999999989,17
43.111,-76.104,2014,12,32.254838709677429,8.4129032258064527,19
43.111,-76.104,2014,1,20.63225806451613,9.1032258064516132,6
43.111,-76.104,2014,7,71.303225806451607,5.758064516129032,15
43.111,-76.104,2014,3,25.941935483870967,8.3290322580645153,9
43.111,-76.104,2014,9,63.583333333333329,5.8633333333333324,9
43.111,-76.104,2014,6,69.17,5.3233333333333333,14
43.111,-76.104,2014,2,21.985714285714288,7.7357142857142867,5
43.111,-76.104,2014,11,39.653333333333336,9.2766666666666655,12
42.683,-79.05,2014,9,63.193333333333335,0.0,0
42.683,-79.05,2014,6,67.02173913043481,0.0,0
42.683,-79.05,2014,11,39.059999999999988,0.0,0
42.683,-79.05,2014,8,68.6193548387097,0.0,0
42.683,-79.05,2014,7,68.567741935483866,0.0,0
42.683,-79.05,2014,1,20.393548387096775,0.0,0
42.683,-79.05,2014,4,40.783333333333339,0.0,0
42.683,-79.05,2014,5,54.035483870967745,0.0,0
42.683,-79.05,2014,12,35.045161290322575,0.0,0
42.683,-79.05,2014,2,19.310714285714287,0.0,0
42.683,-79.05,2014,3,25.267741935483873,0.0,0
42.683,-79.05,2014,10,54.645161290322591,0.0,0
40.701,-74.014,2014,5,61.948387096774191,0.0,0
40.701,-74.014,2014,6,71.116666666666688,0.0,0
40.701,-74.014,2014,11,44.83,0.0,0
40.701,-74.014,2014,9,69.376666666666665,0.0,0
40.701,-74.014,2014,10,59.958064516129028,0.0,0
40.701,-74.014,2014,8,73.4064516129032,0.0,0
40.701,-74.014,2014,12,40.4483870967742,0.0,0
40.701,-74.014,2014,2,31.275000000000006,0.0,0
40.701,-74.014,2014,1,28.487096774193549,0.0,0
40.701,-74.014,2014,7,74.700000000000031,0.0,0
40.701,-74.014,2014,3,36.86774193548387,0.0,0
40.701,-74.014,2014,4,50.13333333333334,0.0,0
42.44,-76.246,2014,7,65.893548387096772,,0
42.44,-76.246,2014,9,58.463333333333331,,0
42.44,-76.246,2014,11,34.92,,0
42.44,-76.246,2014,6,64.666666666666686,,0
42.44,-76.246,2014,5,56.387096774193544,,0
42.44,-76.246,2014,1,17.509677419354841,,0
42.44,-76.246,2014,2,18.932142857142853,,0
42.44,-76.246,2014,8,63.403225806451623,,0
42.44,-76.246,2014,12,31.180645161290325,,0
42.44,-76.246,2014,4,43.413333333333334,,0
42.44,-76.246,2014,3,25.003225806451617,,0
42.44,-76.246,2014,10,50.77741935483872,,0
42.241,-78.371,2014,5,54.4,4.5774193548387077,19
42.241,-78.371,2014,2,17.807142857142853,4.7,5
42.241,-78.371,2014,4,42.273333333333326,6.669999999999999,14
42.241,-78.371,2014,10,47.074193548387093,5.4354838709677429,21
42.241,-78.371,2014,6,62.843333333333334,4.2066666666666661,16
42.241,-78.371,2014,3,23.961290322580648,5.5516129032258066,8
42.241,-78.371,2014,7,63.476923076923065,3.5439999999999996,14
42.241,-78.371,2014,12,29.13225806451613,5.6000000000000014,10
42.241,-78.371,2014,9,57.136666666666656,3.8566666666666669,10
42.241,-78.371,2014,8,62.032258064516128,3.3354838709677415,12
42.241,-78.371,2014,1,15.709677419354838,6.845161290322582,5
42.241,-78.371,2014,11,32.376666666666672,6.0766666666666662,9
43.267,-79.067,2014,10,54.938709677419354,8.3838709677419345,0
43.267,-79.067,2014,12,34.903225806451616,8.1258064516129025,0
43.267,-79.067,2014,1,21.612903225806448,10.390322580645162,0
43.267,-79.067,2014,3,27.567741935483873,9.6451612903225783,0
43.267,-79.067,2014,6,66.683333333333337,5.0666666666666664,0
43.267,-79.067,2014,5,54.399999999999991,5.935483870967742,0
43.267,-79.067,2014,8,69.329032258064515,6.1451612903225783,0
43.267,-79.067,2014,11,39.489999999999995,9.8833333333333329,0
43.267,-79.067,2014,7,69.767741935483869,6.72258064516129,0
43.267,-79.067,2014,2,22.846428571428575,9.7321428571428541,0
43.267,-79.067,2014,4,42.303333333333335,7.2866666666666662,0
43.267,-79.067,2014,9,64.383333333333326,6.8700000000000019,0
42.747,-73.799,2014,4,47.676666666666669,8.4399999999999977,14
42.747,-73.799,2014,1,20.606451612903225,7.5677419354838715,6
42.747,-73.799,2014,2,23.053571428571431,6.8107142857142851,6
42.747,-73.799,2014,10,54.7516129032258,6.3612903225806443,16
42.747,-73.799,2014,9,63.176666666666669,5.1966666666666663,8
42.747,-73.799,2014,6,69.393333333333345,5.4433333333333342,13
42.747,-73.799,2014,7,72.2225806451613,5.6903225806451605,15
42.747,-73.799,2014,5,60.270967741935486,6.467741935483871,19
42.747,-73.799,2014,8,69.167741935483875,4.387096774193548,13
42.747,-73.799,2014,3,28.045161290322589,8.4483870967741943,7
42.747,-73.799,2014,11,39.003333333333337,7.6966666666666681,12
42.747,-73.799,2014,12,33.383870967741942,6.6064516129032258,14
44.703,-75.495,2014,11,37.370000000000012,0.0,0
44.703,-75.495,2014,7,68.2290322580645,0.0,0
44.703,-75.495,2014,8,67.196774193548379,0.0,0
44.703,-75.495,2014,12,28.345161290322579,0.0,0
44.703,-75.495,2014,1,16.322580645161292,0.0,0
44.703,-75.495,2014,4,41.406666666666673,0.0,0
44.703,-75.495,2014,3,22.206451612903219,0.0,0
44.703,-75.495,2014,6,66.159999999999982,0.0,0
44.703,-75.495,2014,5,56.219354838709677,0.0,0
44.703,-75.495,2014,9,61.260000000000005,0.0,0
44.703,-75.495,2014,10,52.593548387096767,0.0,0
44.703,-75.495,2014,2,17.685714285714283,0.0,0
40.794,-73.102,2014,4,48.6,9.4866666666666664,13
40.794,-73.102,2014,12,39.958064516129042,8.74516129032258,16
40.794,-73.102,2014,6,70.076666666666682,6.8133333333333344,13
40.794,-73.102,2014,8,71.8806451612903,6.0032258064516126,9
40.794,-73.102,2014,7,74.809677419354841,7.6741935483870973,9
40.794,-73.102,2014,3,35.896774193548389,9.4967741935483883,11
40.794,-73.102,2014,10,58.138709677419364,8.2193548387096769,14
40.794,-73.102,2014,1,28.351612903225803,8.7483870967741932,10
40.794,-73.102,2014,11,44.143333333333317,8.68,13
40.794,-73.102,2014,5,61.058064516129036,7.8645161290322587,14
40.794,-73.102,2014,9,67.333333333333329,6.2400000000000011,10
40.794,-73.102,2014,2,30.249999999999996,7.7357142857142849,9
41.073,-71.923,2014,3,35.977419354838709,7.9870967741935468,0
41.073,-71.923,2014,7,71.99677419354839,5.3096774193548377,0
41.073,-71.923,2014,12,42.1967741935484,8.3516129032258046,0
41.073,-71.923,2014,6,66.36666666666666,4.5266666666666673,0
41.073,-71.923,2014,11,46.346666666666664,8.9555555555555557,0
41.073,-71.923,2014,10,59.751612903225819,7.1548387096774189,0
41.073,-71.923,2014,5,57.525806451612908,5.6838709677419388,0
41.073,-71.923,2014,8,70.754838709677443,4.354838709677419,0
41.073,-71.923,2014,1,30.812903225806448,8.248387096774195,0
41.073,-71.923,2014,2,32.635714285714293,7.9642857142857162,0
41.073,-71.923,2014,4,46.69,7.0233333333333334,0
41.073,-71.923,2014,9,67.11666666666666,5.1066666666666665,0
40.639,-73.762,2014,10,60.129032258064512,10.39032258064516,14
40.639,-73.762,2014,9,69.516666666666652,7.8666666666666671,10
40.639,-73.762,2014,7,74.932258064516134,9.2870967741935484,12
40.639,-73.762,2014,2,31.353571428571428,9.985714285714284,10
40.639,-73.762,2014,3,37.293548387096777,11.419354838709674,14
40.639,-73.762,2014,11,45.04666666666666,10.809999999999997,12
40.639,-73.762,2014,4,49.486666666666679,11.42,13
40.639,-73.762,2014,5,62.122580645161293,9.2580645161290338,18
40.639,-73.762,2014,12,41.400000000000013,10.283870967741937,15
40.639,-73.762,2014,6,71.133333333333326,8.1333333333333329,11
40.639,-73.762,2014,8,73.91935483870968,7.6483870967741945,9
40.639,-73.762,2014,1,29.045161290322582,11.235483870967744,9
40.822,-72.869,2014,10,58.216666666666669,6.7633333333333336,20
40.822,-72.869,2014,6,68.096666666666664,5.9266666666666667,15
40.822,-72.869,2014,3,35.006451612903227,7.9225806451612906,10
40.822,-72.869,2014,8,70.567741935483866,4.83225806451613,9
40.822,-72.869,2014,5,59.454838709677432,6.7096774193548372,15
40.822,-72.869,2014,4,47.373333333333328,8.1266666666666669,12
40.822,-72.869,2014,11,43.68,7.1666666666666679,14
40.822,-72.869,2014,1,28.116129032258069,7.806451612903226,8
40.822,-72.869,2014,12,39.729032258064528,6.72258064516129,15
40.822,-72.869,2014,9,66.586666666666673,4.8566666666666674,10
40.822,-72.869,2014,2,29.660714285714285,6.5428571428571418,10
40.822,-72.869,2014,7,72.9709677419355,7.0032258064516135,10
43.25,-77.583,2014,2,23.196428571428573,10.671428571428571,0
43.25,-77.583,2014,4,43.25,10.186666666666666,0
43.25,-77.583,2014,8,67.880645161290346,7.1516129032258062,0
43.25,-77.583,2014,6,65.066666666666649,5.9766666666666666,0
43.25,-77.583,2014,3,28.035483870967742,11.70967741935484,0
43.25,-77.583,2014,12,34.99677419354839,9.7225806451612886,0
43.25,-77.583,2014,11,39.876666666666665,11.05,0
43.25,-77.583,2014,9,63.373333333333335,7.6566666666666663,0
43.25,-77.583,2014,1,22.893103448275863,11.482758620689653,0
43.25,-77.583,2014,5,55.616129032258073,7.7806451612903231,0
43.25,-77.583,2014,7,69.035483870967738,7.5838709677419365,0
43.25,-77.583,2014,10,55.122580645161293,9.9903225806451612,0
41.067,-73.708,2014,1,25.248387096774195,7.032258064516129,9
41.067,-73.708,2014,8,70.1483870967742,4.645161290322581,9
41.067,-73.708,2014,7,72.674193548387123,5.0290322580645155,13
41.067,-73.708,2014,10,56.235483870967748,6.3645161290322587,12
41.067,-73.708,2014,12,37.454838709677418,7.6064516129032267,14
41.067,-73.708,2014,6,68.653333333333322,4.956666666666667,11
41.067,-73.708,2014,9,65.73666666666665,4.7733333333333325,7
41.067,-73.708,2014,3,33.670967741935485,8.1516129032258053,10
41.067,-73.708,2014,4,48.056666666666665,7.69,13
41.067,-73.708,2014,5,60.325806451612905,6.1677419354838694,16
41.067,-73.708,2014,2,27.921428571428571,6.8678571428571429,10
41.067,-73.708,2014,11,41.77,6.84,15
41.5,-74.1,2014,5,60.829032258064515,6.8838709677419345,13
41.5,-74.1,2014,11,39.71,6.6400000000000006,7
41.5,-74.1,2014,9,65.013333333333321,4.7799999999999994,6
41.5,-74.1,2014,6,69.153333333333336,4.7099999999999991,8
41.5,-74.1,2014,12,35.00967741935483,6.8225806451612891,12
41.5,-74.1,2014,3,31.603225806451611,7.7290322580645157,8
41.5,-74.1,2014,4,49.056666666666672,8.0933333333333319,11
41.5,-74.1,2014,1,23.129032258064512,7.7193548387096778,5
41.5,-74.1,2014,2,24.775000000000002,6.80357142857143,6
41.5,-74.1,2014,8,69.783870967741919,4.2322580645161283,7
41.5,-74.1,2014,7,72.454838709677418,5.3161290322580621,10
41.5,-74.1,2014,10,55.441935483870971,6.532258064516129,12
44.385,-74.207,2014,4,38.763333333333328,6.568965517241379,14
44.385,-74.207,2014,3,15.883870967741933,6.0580645161290327,3
44.385,-74.207,2014,1,12.103225806451611,7.0354838709677416,4
44.385,-74.207,2014,5,52.435483870967744,5.4258064516129032,17
44.385,-74.207,2014,8,60.677419354838712,3.8870967741935494,15
44.385,-74.207,2014,2,14.110714285714284,5.9357142857142868,1
44.385,-74.207,2014,7,62.7258064516129,4.7129032258064507,14
44.385,-74.207,2014,11,30.613333333333337,6.8566666666666665,10
44.385,-74.207,2014,10,46.48709677419356,5.645161290322581,21
44.385,-74.207,2014,12,25.016129032258064,4.887096774193548,7
44.385,-74.207,2014,9,54.413333333333334,4.3433333333333337,13
44.385,-74.207,2014,6,60.943333333333335,4.1733333333333338,13
43.35,-76.385,2014,6,66.64,4.4633333333333338,11
43.35,-76.385,2014,7,68.490322580645156,4.5806451612903221,15
43.35,-76.385,2014,8,67.029032258064518,4.2483870967741941,14
43.35,-76.385,2014,4,45.016666666666666,7.5766666666666644,15
43.35,-76.385,2014,9,61.353333333333332,4.3400000000000007,9
43.35,-76.385,2014,12,33.032258064516128,6.9322580645161294,16
43.35,-76.385,2014,11,38.573333333333331,8.196666666666669,11
43.35,-76.385,2014,1,19.600000000000005,8.0870967741935491,7
43.35,-76.385,2014,2,21.807142857142857,7.1785714285714288,5
43.35,-76.385,2014,10,53.783870967741926,6.1967741935483867,23
43.35,-76.385,2014,5,58.332258064516132,6.1548387096774206,13
43.35,-76.385,2014,3,25.874193548387094,8.1741935483870964,8
43.267,-77.617,2014,11,39.493333333333339,0.0,0
43.267,-77.617,2014,10,54.387096774193537,0.0,0
43.267,-77.617,2014,7,68.5096774193548,0.0,0
43.267,-77.617,2014,8,67.445161290322588,0.0,0
43.267,-77.617,2014,12,34.538709677419355,0.0,0
43.267,-77.617,2014,5,55.196774193548386,0.0,0
43.267,-77.617,2014,3,27.780645161290323,0.0,0
43.267,-77.617,2014,1,21.793548387096781,0.0,0
43.267,-77.617,2014,9,62.503333333333345,0.0,0
43.267,-77.617,2014,6,64.673333333333346,0.0,0
43.267,-77.617,2014,2,22.660714285714288,0.0,0
43.267,-77.617,2014,4,43.053333333333335,0.0,0
41.786,-73.742,2014,12,33.767741935483869,,0
41.786,-73.742,2014,11,38.793333333333337,,0
41.786,-73.742,2014,7,69.748387096774181,,0
41.786,-73.742,2014,10,53.554838709677433,,0
41.786,-73.742,2014,2,23.160714285714292,,0
41.786,-73.742,2014,8,66.51612903225805,,0
41.786,-73.742,2014,1,22.167741935483871,,0
41.786,-73.742,2014,6,66.543333333333351,,0
41.786,-73.742,2014,3,29.499999999999996,,0
41.786,-73.742,2014,4,47.22,,0
41.786,-73.742,2014,5,58.532258064516121,,0
41.786,-73.742,2014,9,61.93,,0
42.109,-77.992,2014,9,59.526666666666671,5.4833333333333343,9
42.109,-77.992,2014,3,25.832258064516125,8.9741935483870972,8
42.109,-77.992,2014,10,50.264516129032259,7.967741935483871,20
42.109,-77.992,2014,7,66.070967741935476,5.870967741935484,14
42.109,-77.992,2014,6,65.233333333333348,5.4433333333333325,17
42.109,-77.992,2014,8,64.977419354838716,5.0935483870967735,13
42.109,-77.992,2014,5,57.467741935483879,6.9580645161290322,18
42.109,-77.992,2014,2,19.346428571428572,8.2499999999999982,5
42.109,-77.992,2014,1,18.348387096774193,8.9129032258064473,6
42.109,-77.992,2014,4,44.906666666666673,9.7266666666666648,14
42.109,-77.992,2014,12,30.609677419354842,9.0612903225806463,13
42.109,-77.992,2014,11,34.516666666666673,9.1100000000000048,11
43.108,-78.938,2014,5,57.283870967741947,7.8612903225806452,20
43.108,-78.938,2014,6,68.25,6.7766666666666664,18
43.108,-78.938,2014,1,19.445161290322577,12.445161290322579,7
43.108,-78.938,2014,12,32.890322580645162,9.05483870967742,13
43.108,-78.938,2014,3,26.029032258064515,10.203225806451613,8
43.108,-78.938,2014,4,44.563333333333333,9.3766666666666687,17
43.108,-78.938,2014,11,37.026666666666664,11.040000000000001,14
43.108,-78.938,2014,8,68.183870967741939,6.4741935483870972,12
43.108,-78.938,2014,7,68.56774193548388,7.7258064516129021,16
43.108,-78.938,2014,9,62.076666666666675,6.4333333333333336,13
43.108,-78.938,2014,10,52.761290322580642,8.8677419354838722,17
43.108,-78.938,2014,2,19.675,10.396428571428574,5
41.701,-74.795,2014,6,64.693333333333342,4.5233333333333317,4
41.701,-74.795,2014,11,35.240000000000009,6.4833333333333334,0
41.701,-74.795,2014,10,51.022580645161291,6.338709677419355,0
41.701,-74.795,2014,5,56.7774193548387,6.4870967741935495,1
41.701,-74.795,2014,2,21.178571428571427,6.3428571428571425,0
41.701,-74.795,2014,9,60.153333333333343,4.8133333333333344,0
41.701,-74.795,2014,7,67.284615384615364,4.0384615384615374,6
41.701,-74.795,2014,12,30.961290322580641,7.2225806451612913,0
41.701,-74.795,2014,1,18.538709677419352,6.4258064516129032,0
41.701,-74.795,2014,3,23.766666666666666,6.98,0
41.701,-74.795,2014,8,64.425806451612885,4.0741935483870968,4
41.701,-74.795,2014,4,44.156666666666666,7.6099999999999985,0
40.844,-72.632,2014,9,66.056666666666658,6.12,9
40.844,-72.632,2014,6,66.086666666666687,5.4833333333333325,12
40.844,-72.632,2014,4,46.41999999999998,7.9433333333333334,12
40.844,-72.632,2014,12,39.406451612903226,7.9258064516129023,15
40.844,-72.632,2014,11,43.35,7.9799999999999995,11
40.844,-72.632,2014,7,71.596774193548384,6.5,9
40.844,-72.632,2014,2,29.142857142857132,7.2892857142857137,10
40.844,-72.632,2014,3,34.7483870967742,8.48709677419355,10
40.844,-72.632,2014,5,57.554838709677412,6.7935483870967737,15
40.844,-72.632,2014,10,57.038709677419355,7.46774193548387,15
40.844,-72.632,2014,8,69.41290322580646,4.9774193548387089,7
40.844,-72.632,2014,1,27.880645161290321,7.935483870967742,9
41.626,-73.882,2014,8,69.6741935483871,2.6032258064516132,11
41.626,-73.882,2014,11,40.743333333333325,4.7866666666666662,8
41.626,-73.882,2014,4,49.633333333333326,5.43,15
41.626,-73.882,2014,7,73.161290322580641,3.4645161290322584,14
41.626,-73.882,2014,3,32.151612903225804,5.6032258064516132,8
41.626,-73.882,2014,6,69.833333333333329,3.1199999999999997,10
41.626,-73.882,2014,5,61.261290322580649,4.3516129032258064,17
41.626,-73.882,2014,12,35.796774193548387,4.4000000000000012,12
41.626,-73.882,2014,1,24.564516129032263,5.4290322580645167,7
41.626,-73.882,2014,10,55.91290322580646,4.45483870967742,14
41.626,-73.882,2014,2,24.489285714285717,4.0285714285714294,5
41.626,-73.882,2014,9,64.646666666666675,2.9099999999999997,7
44.936,-74.846,2014,11,36.12,8.6333333333333329,12
44.936,-74.846,2014,12,27.103225806451618,7.1870967741935479,12
44.936,-74.846,2014,3,20.729032258064517,7.9709677419354827,6
44.936,-74.846,2014,1,14.767741935483871,8.4774193548387089,5
44.936,-74.846,2014,5,57.245161290322585,7.3999999999999986,15
44.936,-74.846,2014,8,66.32903225806453,4.8483870967741938,12
44.936,-74.846,2014,6,66.639999999999986,4.8633333333333333,11
44.936,-74.846,2014,9,59.743333333333325,5.66,9
44.936,-74.846,2014,4,42.010000000000005,8.2833333333333332,16
44.936,-74.846,2014,7,67.970967741935482,6.4096774193548391,15
44.936,-74.846,2014,10,51.261290322580642,6.9774193548387089,18
44.936,-74.846,2014,2,16.667857142857141,7.6464285714285722,2
42.346,-79.596,2014,5,56.341935483870962,8.4741935483870972,0
42.346,-79.596,2014,1,21.951612903225811,13.080645161290322,0
42.346,-79.596,2014,6,67.340000000000032,7.043333333333333,0
42.346,-79.596,2014,10,58.74,11.55,0
42.346,-79.596,2014,11,29.44,13.38,0
42.346,-79.596,2014,3,26.693548387096776,10.470967741935484,0
42.346,-79.596,2014,8,69.603225806451618,7.9258064516129032,0
42.346,-79.596,2014,12,34.157142857142858,11.8,0
42.346,-79.596,2014,2,20.95,10.685714285714285,0
42.346,-79.596,2014,4,43.386666666666656,10.316666666666668,0
42.346,-79.596,2014,9,66.338888888888889,6.0166666666666666,0
42.346,-79.596,2014,7,69.716129032258067,8.8483870967741911,0
40.734,-73.417,2014,11,44.786666666666662,7.9500000000000011,9
40.734,-73.417,2014,4,47.943333333333328,8.653333333333336,12
40.734,-73.417,2014,6,69.013333333333335,6.3233333333333333,8
40.734,-73.417,2014,12,40.470967741935482,7.8193548387096774,14
40.734,-73.417,2014,3,35.345161290322586,8.6516129032258036,9
40.734,-73.417,2014,5,60.451612903225815,7.3225806451612909,14
40.734,-73.417,2014,7,73.112903225806448,7.4258064516129041,7
40.734,-73.417,2014,1,27.461290322580645,7.9999999999999973,7
40.734,-73.417,2014,2,29.567857142857143,6.5642857142857132,9
40.734,-73.417,2014,9,67.962068965517247,6.3586206896551731,5
40.734,-73.417,2014,10,59.016129032258064,8.0709677419354833,12
40.734,-73.417,2014,8,71.470967741935482,5.87741935483871,6
42.017,-73.917,2014,7,71.677419354838733,0.0,0
42.017,-73.917,2014,12,35.090322580645157,0.0,0
42.017,-73.917,2014,2,24.339285714285712,0.0,0
42.017,-73.917,2014,8,68.98387096774195,0.0,0
42.017,-73.917,2014,9,64.143333333333331,0.0,0
42.017,-73.917,2014,3,30.887096774193552,0.0,0
42.017,-73.917,2014,10,55.541935483870965,0.0,0
42.017,-73.917,2014,4,48.953333333333333,0.0,0
42.017,-73.917,2014,5,60.522580645161291,0.0,0
42.017,-73.917,2014,1,23.222580645161287,0.0,0
42.017,-73.917,2014,11,40.986666666666665,0.0,0
42.017,-73.917,2014,6,68.519999999999982,0.0,0
41.05,-71.97,2014,1,30.738709677419354,0.0,0
41.05,-71.97,2014,4,45.103333333333339,0.0,0
41.05,-71.97,2014,11,46.370000000000012,0.0,0
41.05,-71.97,2014,8,69.661290322580641,0.0,0
41.05,-71.97,2014,10,59.580645161290327,0.0,0
41.05,-71.97,2014,2,31.717857142857142,0.0,0
41.05,-71.97,2014,9,66.490000000000009,0.0,0
41.05,-71.97,2014,12,42.145454545454541,0.0,0
41.05,-71.97,2014,6,64.815384615384616,0.0,0
41.05,-71.97,2014,7,70.232258064516131,0.0,0
41.05,-71.97,2014,3,34.606451612903221,0.0,0
41.05,-71.97,2014,5,55.812903225806437,0.0,0
40.779,-73.88,2014,10,60.254838709677415,9.5322580645161281,15
40.779,-73.88,2014,6,71.673333333333318,7.85,11
40.779,-73.88,2014,4,50.296666666666667,9.923333333333332,12
40.779,-73.88,2014,2,31.482142857142854,9.4107142857142847,9
40.779,-73.88,2014,8,74.50645161290322,7.32258064516129,9
40.779,-73.88,2014,11,45.159999999999982,9.8166666666666682,11
40.779,-73.88,2014,5,62.990322580645156,8.2935483870967737,17
40.779,-73.88,2014,7,76.3,8.1838709677419352,12
40.779,-73.88,2014,1,28.590322580645154,10.167741935483869,10
40.779,-73.88,2014,3,36.790322580645167,10.36774193548387,10
40.779,-73.88,2014,9,70.153333333333322,7.576666666666668,8
40.779,-73.88,2014,12,40.396774193548382,10.106451612903227,16
40.779,-73.969,2014,4,51.553333333333349,5.4533333333333331,11
40.779,-73.969,2014,7,75.325806451612891,3.6806451612903222,12
40.779,-73.969,2014,10,59.6258064516129,4.3645161290322578,12
40.779,-73.969,2014,2,31.646428571428565,5.5178571428571423,6
40.779,-73.969,2014,11,45.000000000000007,4.7299999999999995,10
40.779,-73.969,2014,6,71.803333333333356,3.4633333333333334,10
40.779,-73.969,2014,1,28.677419354838712,5.8500000000000005,5
40.779,-73.969,2014,5,63.454838709677425,3.9322580645161289,14
40.779,-73.969,2014,3,37.609677419354838,6.1903225806451614,8
40.779,-73.969,2014,12,40.4,5.9193548387096762,14
40.779,-73.969,2014,8,73.658064516129016,3.2000000000000006,7
40.779,-73.969,2014,9,69.526666666666657,3.6366666666666663,7
43.992,-76.022,2014,9,61.966666666666669,5.59,9
43.992,-76.022,2014,8,67.667741935483861,5.0161290322580658,14
43.992,-76.022,2014,10,54.103225806451611,7.4290322580645167,20
43.992,-76.022,2014,4,44.403333333333343,7.4,16
43.992,-76.022,2014,2,19.042857142857148,6.8107142857142859,6
43.992,-76.022,2014,3,24.741935483870968,8.5419354838709687,10
43.992,-76.022,2014,11,39.623333333333328,9.1433333333333344,16
43.992,-76.022,2014,6,67.11666666666666,5.4033333333333333,13
43.992,-76.022,2014,12,32.783870967741933,6.700000000000002,13
43.992,-76.022,2014,1,18.022580645161291,8.8225806451612883,8
43.992,-76.022,2014,5,57.361290322580651,6.6064516129032258,17
43.992,-76.022,2014,7,68.974193548387078,5.8935483870967742,11
42.493,-79.272,2014,5,57.654838709677414,7.58709677419355,19
42.493,-79.272,2014,8,68.367741935483849,7.5064516129032262,11
42.493,-79.272,2014,6,68.050000000000011,6.9533333333333349,15
42.493,-79.272,2014,1,20.490322580645163,11.251612903225809,5
42.493,-79.272,2014,10,53.754838709677429,9.4741935483870972,20
42.493,-79.272,2014,12,35.054838709677419,9.0612903225806445,11
42.493,-79.272,2014,7,68.57741935483871,7.7935483870967754,14
42.493,-79.272,2014,3,27.120000000000008,9.32333333333333,10
42.493,-79.272,2014,4,45.383333333333326,9.2,14
42.493,-79.272,2014,9,62.286666666666655,7.5833333333333339,11
42.493,-79.272,2014,2,19.61428571428571,8.61785714285714,5
42.493,-79.272,2014,11,38.346666666666664,11.693333333333333,12
42.941,-78.736,2014,5,57.216129032258074,8.7064516129032246,19
42.941,-78.736,2014,4,45.296666666666674,9.4666666666666668,15
42.941,-78.736,2014,1,19.832258064516136,11.6258064516129,7
42.941,-78.736,2014,6,68.916666666666671,7.203333333333334,17
42.941,-78.736,2014,9,63.146666666666661,6.9700000000000006,11
42.941,-78.736,2014,3,26.603225806451615,9.8967741935483851,9
42.941,-78.736,2014,10,53.4225806451613,8.751612903225805,19
42.941,-78.736,2014,11,37.59,10.523333333333332,16
42.941,-78.736,2014,8,68.848387096774189,6.7258064516129021,12
42.941,-78.736,2014,12,33.854838709677416,9.0612903225806463,18
42.941,-78.736,2014,7,69.158064516129031,8.1741935483870947,15
42.941,-78.736,2014,2,20.310714285714287,9.9035714285714285,5
42.85,-73.95,2014,4,49.788888888888884,8.2962962962962941,8
42.85,-73.95,2014,10,55.770967741935493,6.0193548387096767,8
42.85,-73.95,2014,8,71.473913043478248,3.7434782608695656,4
42.85,-73.95,2014,12,33.279310344827593,6.2724137931034489,7
42.85,-73.95,2014,11,39.386666666666663,6.546666666666666,5
42.85,-73.95,2014,1,21.119230769230771,6.9269230769230754,3
42.85,-73.95,2014,2,25.875,7.7950000000000008,2
42.85,-73.95,2014,5,63.396,7.7239999999999984,7
42.85,-73.95,2014,9,65.944444444444471,4.1740740740740749,3
42.85,-73.95,2014,3,27.688000000000002,8.22,3
42.85,-73.95,2014,6,72.427999999999969,7.9840000000000018,7
42.85,-73.95,2014,7,73.52272727272728,5.0863636363636369,8
40.639,-74.146,2014,3,36.967741935483872,8.3645161290322569,0
40.639,-74.146,2014,6,69.722222222222229,4.8888888888888893,0
40.639,-74.146,2014,7,75.53478260869565,5.3130434782608695,0
40.639,-74.146,2014,11,40.155555555555559,0.0,0
40.639,-74.146,2014,10,61.38,5.4333333333333327,0
40.639,-74.146,2014,1,21.587500000000002,6.7875,0
40.639,-74.146,2014,9,69.146666666666661,5.0366666666666671,0
40.639,-74.146,2014,8,73.3483870967742,4.870967741935484,0
40.639,-74.146,2014,4,50.779999999999994,7.3866666666666667,0
40.639,-74.146,2014,5,62.767741935483869,5.4806451612903215,0
40.639,-74.146,2014,12,40.28709677419355,0.0,0
40.639,-74.146,2014,2,30.796428571428574,6.8142857142857158,0
43.338,-73.61,2014,10,52.4516129032258,4.3451612903225794,13
43.338,-73.61,2014,3,24.538709677419355,5.9483870967741925,7
43.338,-73.61,2014,1,17.2258064516129,4.8774193548387084,7
43.338,-73.61,2014,4,47.373333333333328,6.35,14
43.338,-73.61,2014,11,36.463333333333338,5.1666666666666661,8
43.338,-73.61,2014,2,20.014285714285712,4.3142857142857141,2
43.338,-73.61,2014,6,66.826666666666668,3.8800000000000003,13
43.338,-73.61,2014,12,31.119354838709679,4.138709677419353,11
43.338,-73.61,2014,8,66.9064516129032,3.5193548387096776,13
43.338,-73.61,2014,7,69.896774193548382,4.6677419354838721,16
43.338,-73.61,2014,5,60.270967741935472,5.4419354838709673,19
43.338,-73.61,2014,9,60.096666666666671,3.31,5
42.483,-76.467,2014,6,66.8,5.3133333333333335,14
42.483,-76.467,2014,5,58.36451612903226,6.1516129032258045,17
42.483,-76.467,2014,12,32.683870967741932,7.5967741935483879,16
42.483,-76.467,2014,2,20.828571428571433,7.628571428571429,5
42.483,-76.467,2014,10,52.387096774193544,7.0516129032258057,16
42.483,-76.467,2014,3,26.170967741935488,8.4000000000000021,8
42.483,-76.467,2014,4,44.853333333333325,8.4533333333333331,15
42.483,-76.467,2014,1,18.99677419354839,8.3451612903225811,5
42.483,-76.467,2014,11,37.196666666666658,8.0299999999999976,13
42.483,-76.467,2014,8,66.000000000000014,4.6903225806451605,11
42.483,-76.467,2014,7,68.08709677419354,5.0193548387096767,13
42.483,-76.467,2014,9,61.093333333333327,5.0733333333333324,11
44.65,-73.467,2014,8,66.012903225806454,3.9903225806451603,16
44.65,-73.467,2014,6,65.493333333333339,5.4433333333333334,11
44.65,-73.467,2014,11,36.483333333333341,6.1833333333333345,11
44.65,-73.467,2014,5,56.858064516129026,6.34516129032258,16
44.65,-73.467,2014,12,29.177419354838705,5.65483870967742,13
44.65,-73.467,2014,9,59.199999999999996,4.6466666666666656,9
44.65,-73.467,2014,2,19.8,5.9535714285714283,2
44.65,-73.467,2014,3,22.087096774193551,7.5193548387096785,6
44.65,-73.467,2014,1,16.603225806451615,5.7935483870967737,4
44.65,-73.467,2014,7,68.696774193548393,4.5645161290322589,15
44.65,-73.467,2014,4,43.143333333333345,7.15,17
44.65,-73.467,2014,10,51.12903225806452,5.8000000000000016,19
43.333,-78.717,2014,9,62.736666666666665,7.6333333333333329,0
43.333,-78.717,2014,12,34.390322580645162,10.43225806451613,0
43.333,-78.717,2014,7,68.374193548387083,7.4741935483870963,0
43.333,-78.717,2014,10,54.077419354838717,10.009677419354839,0
43.333,-78.717,2014,11,39.423333333333339,12.206666666666665,0
43.333,-78.717,2014,1,21.14516129032258,11.683870967741937,0
43.333,-78.717,2014,4,41.993333333333339,9.7799999999999958,0
43.333,-78.717,2014,2,22.039130434782603,11.078260869565216,0
43.333,-78.717,2014,5,53.861290322580643,7.7967741935483854,0
43.333,-78.717,2014,3,28.013793103448275,11.106896551724139,0
43.333,-78.717,2014,6,64.626666666666665,6.5366666666666662,0
43.333,-78.717,2014,8,67.112903225806448,7.5258064516129037,0
42.643,-77.056,2014,12,33.661290322580641,6.7580645161290329,15
42.643,-77.056,2014,1,20.309677419354841,8.9483870967741925,5
42.643,-77.056,2014,7,69.461290322580638,5.5354838709677416,18
42.643,-77.056,2014,2,21.628571428571423,7.1642857142857155,5
42.643,-77.056,2014,11,38.283333333333331,8.7033333333333349,10
42.643,-77.056,2014,6,68.15333333333335,5.06,12
42.643,-77.056,2014,9,62.243333333333339,5.1199999999999983,9
42.643,-77.056,2014,10,53.987096774193567,6.9161290322580644,20
42.643,-77.056,2014,8,67.374193548387083,4.57741935483871,14
42.643,-77.056,2014,3,27.5483870967742,7.8903225806451625,8
42.643,-77.056,2014,4,45.826666666666661,7.5166666666666675,15
42.643,-77.056,2014,5,59.680645161290315,5.6,20
40.8,-73.77,2014,12,40.164516129032272,7.97741935483871,0
40.8,-73.77,2014,5,61.032258064516128,5.8612903225806461,0
40.8,-73.77,2014,4,48.563333333333333,7.4499999999999993,0
40.8,-73.77,2014,11,45.026666666666671,9.1499999999999968,0
40.8,-73.77,2014,9,68.753333333333316,5.0233333333333325,0
40.8,-73.77,2014,1,28.532258064516125,9.564516129032258,0
40.8,-73.77,2014,7,73.787096774193557,6.67741935483871,0
40.8,-73.77,2014,6,69.813333333333333,5.419999999999999,0
40.8,-73.77,2014,10,59.854838709677423,8.0806451612903238,0
40.8,-73.77,2014,3,35.641935483870981,8.3516129032258082,0
40.8,-73.77,2014,2,30.760714285714293,7.2714285714285714,0
40.8,-73.77,2014,8,72.951612903225808,5.0935483870967735,0
40.96,-72.252,2014,8,72.020000000000024,6.9599999999999991,4
40.96,-72.252,2014,1,31.94444444444445,8.6222222222222218,4
40.96,-72.252,2014,5,61.114285714285714,7.761904761904761,3
40.96,-72.252,2014,10,59.477777777777781,7.3777777777777782,4
40.96,-72.252,2014,2,34.724999999999994,7.8000000000000007,1
40.96,-72.252,2014,12,43.375,7.45,4
40.96,-72.252,2014,6,68.937931034482759,6.6137931034482769,4
40.96,-72.252,2014,9,68.5695652173913,6.7347826086956522,3
40.96,-72.252,2014,3,35.253846153846155,8.96923076923077,1
40.96,-72.252,2014,7,72.890322580645176,7.6161290322580646,3
40.96,-72.252,2014,4,47.45384615384615,10.192307692307692,2
40.96,-72.252,2014,11,48.66,8.0933333333333337,1
43.234,-75.412,2014,11,36.88666666666667,7.0233333333333317,10
43.234,-75.412,2014,7,68.141935483870938,4.7935483870967746,20
43.234,-75.412,2014,6,66.693333333333328,5.1866666666666656,15
43.234,-75.412,2014,5,57.796774193548387,6.3096774193548386,15
43.234,-75.412,2014,9,60.343333333333334,4.7333333333333334,10
43.234,-75.412,2014,2,19.596428571428579,6.4928571428571438,5
43.234,-75.412,2014,8,66.396774193548367,4.7806451612903222,17
43.234,-75.412,2014,4,44.263333333333335,8.0833333333333321,15
43.234,-75.412,2014,12,31.470967741935489,7.0064516129032262,15
43.234,-75.412,2014,10,52.532258064516135,6.1096774193548393,17
43.234,-75.412,2014,3,24.261290322580649,7.1612903225806459,11
43.234,-75.412,2014,1,17.535483870967745,7.0354838709677416,5
44.05,-75.733,2014,12,29.487096774193549,7.43225806451613,19
44.05,-75.733,2014,3,22.545161290322579,8.8129032258064512,10
44.05,-75.733,2014,2,18.235714285714291,7.8535714285714278,5
44.05,-75.733,2014,11,35.646666666666668,8.54,17
44.05,-75.733,2014,9,60.230000000000004,6.6266666666666652,13
44.05,-75.733,2014,1,15.199999999999998,9.2677419354838726,9
44.05,-75.733,2014,6,66.466666666666669,6.3533333333333326,14
44.05,-75.733,2014,5,57.238709677419351,7.5290322580645155,20
44.05,-75.733,2014,8,66.335483870967764,5.8935483870967742,18
44.05,-75.733,2014,10,51.399999999999991,8.31290322580645,23
44.05,-75.733,2014,4,43.31,9.0666666666666647,17
44.05,-75.733,2014,7,67.458064516129028,6.580645161290323,13
42.15,-79.25,2015,2,10.839285714285715,6.7999999999999989,0
42.15,-79.25,2015,5,59.819354838709671,6.3709677419354849,6
42.15,-79.25,2015,12,40.00967741935483,7.4967741935483874,0
42.15,-79.25,2015,3,27.693548387096769,7.7741935483870979,0
42.15,-79.25,2015,4,44.410000000000004,8.0966666666666658,1
42.15,-79.25,2015,11,44.113333333333323,8.0066666666666677,0
42.15,-79.25,2015,10,48.78709677419355,7.4387096774193555,0
42.15,-79.25,2015,9,63.57,5.3033333333333355,3
42.15,-79.25,2015,6,62.793333333333329,6.3066666666666666,5
42.15,-79.25,2015,1,18.435483870967744,8.5032258064516117,0
42.15,-79.25,2015,8,65.361290322580643,5.4580645161290331,0
42.15,-79.25,2015,7,66.893548387096772,5.1258064516129034,4
42.159,-76.892,2015,6,66.083333333333329,4.58,18
42.159,-76.892,2015,8,68.041935483870986,4.0096774193548388,9
42.159,-76.892,2015,4,46.50333333333333,6.22,16
42.159,-76.892,2015,3,29.306451612903224,5.92258064516129,8
42.159,-76.892,2015,12,42.267741935483869,4.1903225806451614,16
42.159,-76.892,2015,11,44.173333333333332,4.9133333333333331,10
42.159,-76.892,2015,7,69.235483870967755,3.7322580645161283,12
42.159,-76.892,2015,9,65.32,3.4066666666666672,9
42.159,-76.892,2015,10,49.454838709677418,4.9677419354838719,13
42.159,-76.892,2015,5,63.3258064516129,5.0580645161290319,17
42.159,-76.892,2015,2,13.082142857142856,5.6535714285714276,0
42.159,-76.892,2015,1,21.06451612903226,6.3709677419354831,3
43.067,-79.017,2015,3,29.7483870967742,0.0,0
43.067,-79.017,2015,12,42.586666666666666,0.0,0
43.067,-79.017,2015,7,70.8967741935484,0.0,0
43.067,-79.017,2015,5,60.500000000000007,0.0,0
43.067,-79.017,2015,1,21.5483870967742,0.0,0
43.067,-79.017,2015,10,52.2516129032258,0.0,0
43.067,-79.017,2015,11,46.907142857142858,0.0,0
43.067,-79.017,2015,6,64.26,0.0,0
43.067,-79.017,2015,8,69.789655172413788,0.0,0
43.067,-79.017,2015,2,13.05185185185185,0.0,0
43.067,-79.017,2015,4,44.196666666666665,0.0,0
43.067,-79.017,2015,9,67.946666666666658,0.0,0
42.571,-77.713,2015,9,66.690000000000026,4.7666666666666666,9
42.571,-77.713,2015,1,20.9741935483871,6.6741935483870973,4
42.571,-77.713,2015,2,13.047999999999998,5.911999999999999,0
42.571,-77.713,2015,12,42.877419354838715,5.8258064516129018,13
42.571,-77.713,2015,10,51.096774193548384,5.2999999999999989,17
42.571,-77.713,2015,6,66.3633333333333,5.376666666666666,18
42.571,-77.713,2015,7,70.203225806451627,4.9580645161290313,13
42.571,-77.713,2015,3,30.22258064516129,6.6967741935483875,9
42.571,-77.713,2015,5,64.08709677419354,5.83225806451613,12
42.571,-77.713,2015,8,68.787096774193543,4.7741935483870952,13
42.571,-77.713,2015,11,46.176666666666669,6.3733333333333331,11
42.571,-77.713,2015,4,48.13,6.6533333333333324,17
43.117,-77.677,2015,3,30.36774193548387,8.4935483870967747,9
43.117,-77.677,2015,2,13.275,9.2214285714285715,1
43.117,-77.677,2015,4,47.129999999999995,9.1466666666666665,17
43.117,-77.677,2015,11,46.856666666666669,8.3,12
43.117,-77.677,2015,12,42.690322580645159,7.3935483870967769,17
43.117,-77.677,2015,9,67.546666666666681,5.8866666666666658,10
43.117,-77.677,2015,1,20.558064516129033,9.383870967741931,6
43.117,-77.677,2015,6,65.943333333333328,6.6933333333333342,19
43.117,-77.677,2015,10,51.20322580645162,8.2741935483870961,18
43.117,-77.677,2015,8,69.4774193548387,6.2290322580645157,11
43.117,-77.677,2015,7,71.122580645161293,5.9806451612903242,15
43.117,-77.677,2015,5,64.306451612903231,7.5903225806451609,14
42.207,-75.98,2015,4,44.233333333333334,8.2033333333333314,15
42.207,-75.98,2015,5,62.167741935483875,6.7451612903225806,15
42.207,-75.98,2015,2,12.499999999999998,7.8000000000000007,1
42.207,-75.98,2015,10,48.022580645161291,7.3032258064516133,15
42.207,-75.98,2015,7,67.932258064516148,5.2290322580645148,16
42.207,-75.98,2015,6,63.663333333333341,6.7199999999999989,18
42.207,-75.98,2015,1,18.096774193548384,8.4419354838709673,4
42.207,-75.98,2015,9,65.066666666666677,5.5799999999999992,10
42.207,-75.98,2015,12,40.670967741935485,7.112903225806452,17
42.207,-75.98,2015,8,67.083870967741959,5.4806451612903224,11
42.207,-75.98,2015,3,26.79354838709677,7.6645161290322585,9
42.207,-75.98,2015,11,44.026666666666657,7.54,9
41.509,-74.265,2015,3,31.783870967741937,6.0,13
41.509,-74.265,2015,5,64.645161290322577,5.04516129032258,10
41.509,-74.265,2015,2,16.50357142857143,6.3357142857142863,0
41.509,-74.265,2015,4,49.44,6.5766666666666662,13
41.509,-74.265,2015,8,72.106451612903243,3.919354838709677,7
41.509,-74.265,2015,1,23.587096774193551,6.4387096774193546,7
41.509,-74.265,2015,6,67.316666666666677,5.16,16
41.509,-74.265,2015,11,45.816666666666663,4.7733333333333352,11
41.509,-74.265,2015,10,51.038709677419355,5.4516129032258061,12
41.509,-74.265,2015,9,67.426666666666662,3.6700000000000004,10
41.509,-74.265,2015,7,72.832258064516139,3.7516129032258063,11
41.509,-74.265,2015,12,43.141935483870967,4.1322580645161295,13
43.111,-76.104,2015,8,70.06774193548388,5.66774193548387,15
43.111,-76.104,2015,6,65.956666666666649,6.4866666666666664,23
43.111,-76.104,2015,3,27.838709677419356,7.9193548387096788,10
43.111,-76.104,2015,5,64.532258064516142,6.6741935483870973,14
43.111,-76.104,2015,7,71.245161290322557,5.8032258064516133,14
43.111,-76.104,2015,9,67.546666666666667,4.99,10
43.111,-76.104,2015,12,41.5967741935484,7.1354838709677413,22
43.111,-76.104,2015,10,49.954838709677418,6.9258064516129032,19
43.111,-76.104,2015,1,18.07096774193548,8.741935483870968,7
43.111,-76.104,2015,2,10.925000000000002,7.8607142857142849,0
43.111,-76.104,2015,11,46.279999999999994,7.7200000000000006,14
43.111,-76.104,2015,4,46.293333333333329,8.3866666666666649,17
42.683,-79.05,2015,5,58.425806451612907,0.0,0
42.683,-79.05,2015,4,41.479310344827582,0.0,0
42.683,-79.05,2015,8,69.062068965517241,0.0,0
42.683,-79.05,2015,1,21.832258064516132,0.0,0
42.683,-79.05,2015,12,43.723333333333329,0.0,0
42.683,-79.05,2015,6,63.256666666666675,0.0,0
42.683,-79.05,2015,11,47.5,0.0,0
42.683,-79.05,2015,7,69.283870967741962,0.0,0
42.683,-79.05,2015,3,28.229032258064514,0.0,0
42.683,-79.05,2015,9,67.136666666666656,0.0,0
42.683,-79.05,2015,2,11.107407407407408,0.0,0
42.683,-79.05,2015,10,52.93225806451612,0.0,0
40.701,-74.014,2015,2,24.12222222222222,0.0,0
40.701,-74.014,2015,5,63.99354838709678,0.0,0
40.701,-74.014,2015,8,76.83448275862068,0.0,0
40.701,-74.014,2015,6,69.676666666666634,0.0,0
40.701,-74.014,2015,4,52.096666666666664,0.0,0
40.701,-74.014,2015,11,53.072,0.0,0
40.701,-74.014,2015,7,76.541935483870986,0.0,0
40.701,-74.014,2015,12,50.16,0.0,0
40.701,-74.014,2015,10,57.177419354838719,0.0,0
40.701,-74.014,2015,9,72.593333333333334,0.0,0
40.701,-74.014,2015,3,36.806451612903217,0.0,0
40.701,-74.014,2015,1,29.845161290322579,0.0,0
42.44,-76.246,2015,7,66.332258064516139,,0
42.44,-76.246,2015,8,65.203225806451584,,0
42.44,-76.246,2015,5,60.000000000000007,,0
42.44,-76.246,2015,9,62.866666666666646,,0
42.44,-76.246,2015,10,47.174193548387109,,0
42.44,-76.246,2015,1,17.541935483870962,,0
42.44,-76.246,2015,3,25.72903225806451,,0
42.44,-76.246,2015,4,42.693333333333335,,0
42.44,-76.246,2015,12,39.945161290322581,,0
42.44,-76.246,2015,6,63.143333333333331,,0
42.44,-76.246,2015,2,10.321428571428571,,0
42.44,-76.246,2015,11,42.696666666666673,,0
42.241,-78.371,2015,11,41.140000000000008,6.379999999999999,12
42.241,-78.371,2015,12,37.538709677419362,6.0451612903225813,19
42.241,-78.371,2015,5,58.764516129032259,5.4903225806451612,18
42.241,-78.371,2015,6,60.03,5.2466666666666653,22
42.241,-78.371,2015,1,17.464516129032258,6.9354838709677411,2
42.241,-78.371,2015,8,62.645161290322577,4.0612903225806463,15
42.241,-78.371,2015,7,64.9161290322581,3.9774193548387102,15
42.241,-78.371,2015,2,10.635714285714283,5.9321428571428569,1
42.241,-78.371,2015,10,45.248387096774188,6.1032258064516141,20
42.241,-78.371,2015,4,42.426666666666662,6.5966666666666685,18
42.241,-78.371,2015,9,61.146666666666661,4.3866666666666667,9
42.241,-78.371,2015,3,26.577419354838707,6.6161290322580646,10
43.267,-79.067,2015,4,43.956666666666663,7.9999999999999991,0
43.267,-79.067,2015,10,51.744,9.228,0
43.267,-79.067,2015,5,58.57096774193549,6.99032258064516,0
43.267,-79.067,2015,3,30.612903225806445,9.2129032258064552,0
43.267,-79.067,2015,8,70.290322580645167,6.4419354838709681,0
43.267,-79.067,2015,6,62.743333333333339,5.4833333333333343,0
43.267,-79.067,2015,12,43.0258064516129,7.5387096774193552,0
43.267,-79.067,2015,2,14.985714285714288,10.107142857142859,0
43.267,-79.067,2015,7,71.093548387096774,5.5774193548387094,0
43.267,-79.067,2015,1,22.925806451612903,9.9774193548387089,0
43.267,-79.067,2015,11,47.736666666666657,8.3066666666666684,0
43.267,-79.067,2015,9,68.610000000000014,6.4533333333333331,0
42.747,-73.799,2015,3,30.332258064516125,8.193548387096774,9
42.747,-73.799,2015,11,45.839999999999989,6.4399999999999986,11
42.747,-73.799,2015,1,20.241935483870968,7.7354838709677418,4
42.747,-73.799,2015,4,48.123333333333335,8.0766666666666662,14
42.747,-73.799,2015,2,13.571428571428571,7.6071428571428577,0
42.747,-73.799,2015,8,72.667741935483875,4.99032258064516,10
42.747,-73.799,2015,7,73.029032258064518,5.2967741935483863,14
42.747,-73.799,2015,10,50.306451612903238,5.9193548387096788,14
42.747,-73.799,2015,12,42.199999999999996,6.5387096774193543,20
42.747,-73.799,2015,5,66.167741935483889,7.2903225806451619,12
42.747,-73.799,2015,6,66.84,6.3833333333333337,19
42.747,-73.799,2015,9,68.03666666666669,4.3366666666666669,11
44.703,-75.495,2015,1,14.193548387096776,0.0,0
44.703,-75.495,2015,10,48.953571428571429,0.0,0
44.703,-75.495,2015,9,66.09333333333332,0.0,0
44.703,-75.495,2015,5,59.029032258064511,0.0,0
44.703,-75.495,2015,11,42.925000000000004,0.0,0
44.703,-75.495,2015,4,43.303333333333342,0.0,0
44.703,-75.495,2015,2,6.1925925925925931,0.0,0
44.703,-75.495,2015,8,69.2344827586207,0.0,0
44.703,-75.495,2015,12,38.103333333333332,0.0,0
44.703,-75.495,2015,6,63.04,0.0,0
44.703,-75.495,2015,7,69.564516129032256,0.0,0
44.703,-75.495,2015,3,25.529032258064515,0.0,0
40.794,-73.102,2015,7,75.4225806451613,6.9419354838709673,14
40.794,-73.102,2015,4,49.773333333333341,9.4766666666666666,12
40.794,-73.102,2015,11,50.466666666666661,7.1866666666666648,8
40.794,-73.102,2015,12,48.561290322580639,7.403225806451613,17
40.794,-73.102,2015,6,67.699999999999989,7.6966666666666672,17
40.794,-73.102,2015,1,29.338709677419356,9.9806451612903242,9
40.794,-73.102,2015,5,62.125806451612895,7.9419354838709673,8
40.794,-73.102,2015,2,22.592857142857142,9.3321428571428573,4
40.794,-73.102,2015,9,70.626666666666651,6.7233333333333345,6
40.794,-73.102,2015,3,35.161290322580648,8.638709677419353,15
40.794,-73.102,2015,10,55.532258064516135,8.1451612903225818,9
40.794,-73.102,2015,8,75.641935483871,6.7741935483870952,5
41.073,-71.923,2015,2,24.946428571428569,9.0249999999999968,0
41.073,-71.923,2015,6,65.449999999999989,5.0933333333333328,0
41.073,-71.923,2015,1,31.712903225806446,9.4064516129032274,0
41.073,-71.923,2015,3,35.374193548387105,7.0387096774193543,0
41.073,-71.923,2015,9,70.6733333333333,4.8600000000000012,0
41.073,-71.923,2015,5,58.938709677419354,5.56774193548387,0
41.073,-71.923,2015,10,57.2,7.4516129032258061,0
41.073,-71.923,2015,11,53.193333333333328,6.8166666666666664,0
41.073,-71.923,2015,8,75.348387096774175,4.3645161290322578,0
41.073,-71.923,2015,4,48.216666666666661,6.7933333333333339,0
41.073,-71.923,2015,12,50.4741935483871,6.5967741935483879,0
41.073,-71.923,2015,7,74.467741935483843,4.3903225806451616,0
40.639,-73.762,2015,9,72.63666666666667,7.9400000000000013,8
40.639,-73.762,2015,3,37.674193548387095,10.283870967741937,15
40.639,-73.762,2015,6,70.46,8.82333333333333,18
40.639,-73.762,2015,8,78.116129032258058,8.2451612903225779,5
40.639,-73.762,2015,10,57.829032258064515,10.232258064516133,9
40.639,-73.762,2015,5,63.290322580645146,8.54516129032258,9
40.639,-73.762,2015,4,51.876666666666672,10.876666666666665,12
40.639,-73.762,2015,12,50.2516129032258,8.46774193548387,16
40.639,-73.762,2015,1,30.983870967741939,11.851612903225806,8
40.639,-73.762,2015,2,25.017857142857139,11.560714285714285,4
40.639,-73.762,2015,7,77.758064516129053,8.1580645161290359,12
40.639,-73.762,2015,11,52.899999999999991,8.7300000000000022,8
40.822,-72.869,2015,4,48.93,7.5,16
40.822,-72.869,2015,3,34.79354838709677,7.4064516129032247,18
40.822,-72.869,2015,1,29.387096774193548,8.2225806451612886,10
40.822,-72.869,2015,2,21.992857142857144,7.4357142857142851,6
40.822,-72.869,2015,11,49.709999999999994,5.4999999999999991,11
40.822,-72.869,2015,10,54.780645161290323,5.9838709677419351,11
40.822,-72.869,2015,8,75.135483870967775,5.5,5
40.822,-72.869,2015,9,69.706666666666635,4.7466666666666679,7
40.822,-72.869,2015,7,75.180645161290315,5.8709677419354831,9
40.822,-72.869,2015,6,67.036666666666662,5.7,14
40.822,-72.869,2015,5,61.545161290322568,6.81290322580645,7
40.822,-72.869,2015,12,48.500000000000007,5.8129032258064512,19
43.25,-77.583,2015,2,15.310714285714287,12.02857142857143,0
43.25,-77.583,2015,12,44.061290322580646,7.796774193548389,0
43.25,-77.583,2015,10,51.870967741935495,11.312903225806455,0
43.25,-77.583,2015,5,59.280645161290323,7.4806451612903233,0
43.25,-77.583,2015,1,22.580645161290327,11.722580645161285,0
43.25,-77.583,2015,11,48.153333333333329,8.75,0
43.25,-77.583,2015,8,70.1225806451613,7.5935483870967753,0
43.25,-77.583,2015,6,62.059999999999988,7.1033333333333317,0
43.25,-77.583,2015,9,68.153333333333336,7.8966666666666647,0
43.25,-77.583,2015,4,45.206666666666678,10.463333333333331,0
43.25,-77.583,2015,7,70.277419354838713,6.2935483870967746,0
43.25,-77.583,2015,3,30.967741935483879,10.432258064516128,0
41.067,-73.708,2015,7,74.122580645161278,4.52258064516129,13
41.067,-73.708,2015,5,63.4258064516129,5.3258064516129044,9
41.067,-73.708,2015,6,67.553333333333327,5.4333333333333345,13
41.067,-73.708,2015,10,53.370967741935488,6.0258064516129028,9
41.067,-73.708,2015,3,33.3741935483871,7.47741935483871,14
41.067,-73.708,2015,2,19.875,7.9142857142857137,4
41.067,-73.708,2015,9,69.446666666666658,4.7699999999999987,8
41.067,-73.708,2015,11,49.053333333333335,6.0866666666666669,10
41.067,-73.708,2015,8,74.054838709677412,4.812903225806453,6
41.067,-73.708,2015,12,46.28387096774194,5.4999999999999982,15
41.067,-73.708,2015,4,49.883333333333326,8.0333333333333314,14
41.067,-73.708,2015,1,26.570967741935483,8.1935483870967758,8
41.5,-74.1,2015,12,44.009677419354837,5.0161290322580649,13
41.5,-74.1,2015,10,52.29354838709677,6.5548387096774183,8
41.5,-74.1,2015,6,67.35333333333331,6.5666666666666673,12
41.5,-74.1,2015,3,32.341935483870955,7.0516129032258057,11
41.5,-74.1,2015,5,65.4032258064516,5.6838709677419343,7
41.5,-74.1,2015,4,49.49666666666667,7.7733333333333334,9
41.5,-74.1,2015,2,17.210714285714282,7.4357142857142842,0
41.5,-74.1,2015,8,73.364516129032268,5.1548387096774189,4
41.5,-74.1,2015,1,23.477419354838709,7.7645161290322573,6
41.5,-74.1,2015,9,68.719999999999985,4.81,6
41.5,-74.1,2015,7,73.6709677419355,4.6741935483870956,8
41.5,-74.1,2015,11,46.996666666666648,5.99,7
44.385,-74.207,2015,1,9.3827586206896552,6.0413793103448272,2
44.385,-74.207,2015,6,59.033333333333339,4.7466666666666661,19
44.385,-74.207,2015,7,64.251612903225791,3.9806451612903215,16
44.385,-74.207,2015,2,3.621428571428571,5.2785714285714276,0
44.385,-74.207,2015,11,38.00333333333333,5.3666666666666671,11
44.385,-74.207,2015,9,59.476666666666674,3.95,9
44.385,-74.207,2015,12,34.867741935483878,4.8322580645161288,14
44.385,-74.207,2015,10,41.451612903225808,5.2322580645161292,17
44.385,-74.207,2015,5,56.716129032258067,5.3935483870967742,13
44.385,-74.207,2015,4,38.516666666666666,6.2366666666666672,13
44.385,-74.207,2015,8,63.245161290322585,4.1032258064516123,11
44.385,-74.207,2015,3,20.261290322580649,5.9903225806451612,5
43.35,-76.385,2015,3,27.651612903225807,7.2935483870967746,9
43.35,-76.385,2015,5,62.558064516129029,5.5193548387096776,15
43.35,-76.385,2015,10,49.374193548387105,5.7258064516129048,16
43.35,-76.385,2015,4,45.053333333333335,7.6966666666666663,18
43.35,-76.385,2015,12,41.738709677419358,5.7741935483870961,20
43.35,-76.385,2015,11,45.88,6.45,14
43.35,-76.385,2015,8,68.9774193548387,4.1806451612903226,15
43.35,-76.385,2015,9,66.306666666666658,3.8500000000000005,10
43.35,-76.385,2015,6,64.646666666666675,5.1166666666666671,20
43.35,-76.385,2015,2,12.660714285714285,7.0499999999999989,1
43.35,-76.385,2015,1,18.790322580645153,7.919354838709677,7
43.35,-76.385,2015,7,69.290322580645153,4.4774193548387089,12
43.267,-77.617,2015,4,45.263333333333328,0.0,0
43.267,-77.617,2015,3,30.680645161290322,0.0,0
43.267,-77.617,2015,5,58.983870967741943,0.0,0
43.267,-77.617,2015,2,14.796296296296292,0.0,0
43.267,-77.617,2015,1,21.85161290322581,0.0,0
43.267,-77.617,2015,7,66.98571428571428,0.0,0
43.267,-77.617,2015,6,61.940000000000005,0.0,0
41.786,-73.742,2015,2,15.121428571428572,,0
41.786,-73.742,2015,9,65.446666666666673,,0
41.786,-73.742,2015,12,42.761290322580642,,0
41.786,-73.742,2015,8,69.716129032258067,,0
41.786,-73.742,2015,10,49.703225806451613,,0
41.786,-73.742,2015,3,30.377419354838704,,0
41.786,-73.742,2015,11,44.763333333333321,,0
41.786,-73.742,2015,1,22.048387096774189,,0
41.786,-73.742,2015,5,63.493548387096773,,0
41.786,-73.742,2015,6,64.693333333333342,,0
41.786,-73.742,2015,4,47.51,,0
41.786,-73.742,2015,7,69.832258064516139,,0
42.109,-77.992,2015,8,66.529032258064518,5.2709677419354835,14
42.109,-77.992,2015,12,41.922580645161304,7.8032258064516116,19
42.109,-77.992,2015,9,64.936666666666639,4.836666666666666,11
42.109,-77.992,2015,11,44.926666666666669,8.1666666666666679,15
42.109,-77.992,2015,10,49.187096774193556,7.9193548387096762,15
42.109,-77.992,2015,5,61.954838709677411,6.7516129032258068,15
42.109,-77.992,2015,7,67.929032258064524,5.0290322580645173,13
42.109,-77.992,2015,1,18.78064516129032,9.4419354838709637,6
42.109,-77.992,2015,4,44.993333333333332,8.6233333333333331,17
42.109,-77.992,2015,2,12.003571428571426,8.39285714285714,2
42.109,-77.992,2015,3,28.20645161290323,9.20967741935484,11
42.109,-77.992,2015,6,63.573333333333338,6.3233333333333324,21
43.108,-78.938,2015,3,28.616129032258062,9.3999999999999968,9
43.108,-78.938,2015,9,66.6266666666667,6.5566666666666666,10
43.108,-78.938,2015,1,20.1,11.567741935483866,5
43.108,-78.938,2015,8,68.51935483870966,6.8225806451612909,15
43.108,-78.938,2015,10,50.590322580645172,9.2387096774193562,17
43.108,-78.938,2015,5,61.99032258064517,8.2935483870967737,12
43.108,-78.938,2015,12,42.764516129032273,8.8419354838709676,19
43.108,-78.938,2015,7,70.396774193548367,6.3451612903225794,13
43.108,-78.938,2015,2,11.564285714285715,10.796428571428573,2
43.108,-78.938,2015,6,64.653333333333336,7.59,20
43.108,-78.938,2015,11,45.853333333333332,9.05,14
43.108,-78.938,2015,4,44.81,9.5033333333333321,15
41.701,-74.795,2015,9,63.813333333333333,3.9099999999999988,1
41.701,-74.795,2015,11,43.203571428571436,5.2714285714285705,0
41.701,-74.795,2015,7,68.687096774193549,4.3516129032258064,4
41.701,-74.795,2015,6,63.316666666666656,5.3466666666666658,4
41.701,-74.795,2015,4,44.439999999999991,7.6499999999999995,1
41.701,-74.795,2015,1,19.21935483870968,7.1838709677419352,0
41.701,-74.795,2015,10,47.829032258064515,5.77741935483871,0
41.701,-74.795,2015,5,61.3483870967742,5.1677419354838721,4
41.701,-74.795,2015,12,40.0258064516129,5.44516129032258,0
41.701,-74.795,2015,2,13.089285714285715,7.05,0
41.701,-74.795,2015,8,67.3548387096774,4.2193548387096786,4
41.701,-74.795,2015,3,27.616129032258062,7.5032258064516144,0
40.844,-72.632,2015,3,33.416129032258077,7.67741935483871,16
40.844,-72.632,2015,8,74.4161290322581,5.6258064516129025,4
40.844,-72.632,2015,2,20.396428571428572,8.7571428571428562,2
40.844,-72.632,2015,11,48.966666666666661,6.2899999999999991,9
40.844,-72.632,2015,1,28.725806451612904,9.2161290322580633,10
40.844,-72.632,2015,6,65.679999999999978,6.5533333333333337,13
40.844,-72.632,2015,7,73.877419354838722,5.8387096774193523,11
40.844,-72.632,2015,5,59.296774193548387,6.7516129032258059,8
40.844,-72.632,2015,10,54.345161290322594,7.7161290322580651,10
40.844,-72.632,2015,12,47.467741935483865,6.5032258064516126,16
40.844,-72.632,2015,9,68.936666666666682,5.8166666666666664,7
40.844,-72.632,2015,4,47.226666666666667,8.1633333333333358,13
41.626,-73.882,2015,4,50.093333333333341,5.4299999999999988,15
41.626,-73.882,2015,7,74.009677419354844,3.0516129032258061,10
41.626,-73.882,2015,10,52.396774193548382,4.2612903225806456,7
41.626,-73.882,2015,8,73.706451612903209,3.0677419354838715,6
41.626,-73.882,2015,9,68.833333333333343,3.169999999999999,6
41.626,-73.882,2015,2,17.63214285714286,4.6392857142857142,0
41.626,-73.882,2015,6,67.98666666666665,4.02,16
41.626,-73.882,2015,11,46.786666666666683,3.6633333333333331,9
41.626,-73.882,2015,1,24.983870967741936,5.4935483870967756,6
41.626,-73.882,2015,12,44.387096774193544,3.354838709677419,14
41.626,-73.882,2015,5,66.196774193548379,4.2225806451612895,9
41.626,-73.882,2015,3,32.79677419354838,4.9354838709677411,8
44.936,-74.846,2015,12,36.783870967741933,6.9129032258064527,18
44.936,-74.846,2015,11,41.816666666666663,6.7266666666666675,10
44.936,-74.846,2015,7,69.348387096774175,5.0483870967741939,13
44.936,-74.846,2015,5,61.738709677419358,7.7161290322580651,14
44.936,-74.846,2015,1,11.835483870967742,8.1483870967741954,4
44.936,-74.846,2015,9,64.446666666666658,5.0566666666666666,10
44.936,-74.846,2015,4,43.833333333333343,7.9399999999999977,11
44.936,-74.846,2015,10,45.99354838709678,7.1806451612903244,15
44.936,-74.846,2015,8,68.441935483870964,5.4838709677419342,13
44.936,-74.846,2015,6,63.103333333333332,5.5200000000000005,19
44.936,-74.846,2015,2,4.6392857142857142,7.8857142857142843,0
44.936,-74.846,2015,3,25.0741935483871,8.1870967741935488,8
42.346,-79.596,2015,3,16.660000000000004,7.72,0
42.346,-79.596,2015,1,17.720000000000002,5.92,0
42.346,-79.596,2015,2,10.05,7.05,0
42.346,-79.596,2015,5,57.54545454545454,0.0,0
42.346,-79.596,2015,9,74.9,4.875,0
42.346,-79.596,2015,8,69.115384615384613,9.7615384615384624,0
40.734,-73.417,2015,3,36.012903225806454,7.6000000000000023,13
40.734,-73.417,2015,6,68.84333333333332,7.333333333333333,11
40.734,-73.417,2015,7,76.467741935483858,6.7580645161290329,10
40.734,-73.417,2015,4,50.446666666666665,8.51333333333333,11
40.734,-73.417,2015,9,71.623333333333335,6.5166666666666675,8
40.734,-73.417,2015,12,49.619354838709675,6.8064516129032269,15
40.734,-73.417,2015,10,56.722580645161287,7.7870967741935493,8
40.734,-73.417,2015,5,62.745161290322585,7.4677419354838728,9
40.734,-73.417,2015,8,76.8516129032258,6.5645161290322562,5
40.734,-73.417,2015,1,29.948387096774194,8.8290322580645153,7
40.734,-73.417,2015,2,23.164285714285715,8.4678571428571434,3
40.734,-73.417,2015,11,51.690000000000005,6.7733333333333325,7
42.017,-73.917,2015,5,65.809677419354855,0.0,0
42.017,-73.917,2015,8,72.396774193548382,0.0,0
42.017,-73.917,2015,12,43.267741935483862,0.0,0
42.017,-73.917,2015,3,31.751612903225805,0.0,0
42.017,-73.917,2015,6,66.520000000000024,0.0,0
42.017,-73.917,2015,10,51.841935483870969,0.0,0
42.017,-73.917,2015,4,49.413333333333334,0.0,0
42.017,-73.917,2015,7,72.148387096774215,0.0,0
42.017,-73.917,2015,11,47.2,0.0,0
42.017,-73.917,2015,1,23.36774193548387,0.0,0
42.017,-73.917,2015,9,68.02000000000001,0.0,0
42.017,-73.917,2015,2,16.760714285714286,0.0,0
41.05,-71.97,2015,8,73.313793103448262,0.0,0
41.05,-71.97,2015,11,51.73571428571428,0.0,0
41.05,-71.97,2015,10,56.516129032258071,0.0,0
41.05,-71.97,2015,4,44.9,0.0,0
41.05,-71.97,2015,3,33.358333333333334,0.0,0
41.05,-71.97,2015,12,49.589999999999996,0.0,0
41.05,-71.97,2015,5,56.664516129032258,0.0,0
41.05,-71.97,2015,7,71.974193548387078,0.0,0
41.05,-71.97,2015,2,23.918518518518514,0.0,0
41.05,-71.97,2015,1,30.941935483870967,0.0,0
41.05,-71.97,2015,6,62.970000000000006,0.0,0
41.05,-71.97,2015,9,69.22,0.0,0
40.779,-73.88,2015,3,37.519354838709667,9.2741935483870979,14
40.779,-73.88,2015,11,53.48,8.2766666666666673,9
40.779,-73.88,2015,8,78.751612903225819,7.532258064516129,5
40.779,-73.88,2015,7,78.600000000000009,7.2258064516129039,12
40.779,-73.88,2015,4,52.576666666666661,9.8533333333333335,12
40.779,-73.88,2015,1,29.909677419354832,10.990322580645159,8
40.779,-73.88,2015,10,58.064516129032263,9.8516129032258046,8
40.779,-73.88,2015,5,65.90000000000002,8.12258064516129,12
40.779,-73.88,2015,2,24.4,10.575,4
40.779,-73.88,2015,12,50.41935483870968,7.5709677419354842,17
40.779,-73.88,2015,9,73.683333333333323,7.7700000000000005,7
40.779,-73.88,2015,6,70.63,8.8400000000000016,19
40.779,-73.969,2015,3,37.796774193548387,5.2870967741935484,12
40.779,-73.969,2015,2,24.289285714285715,6.2464285714285719,2
40.779,-73.969,2015,4,53.530000000000008,5.6633333333333331,10
40.779,-73.969,2015,11,52.926666666666662,4.2857142857142847,7
40.779,-73.969,2015,10,57.645161290322584,4.6419354838709692,7
40.779,-73.969,2015,5,67.270967741935465,3.6516129032258067,7
40.779,-73.969,2015,8,78.183870967741939,3.1967741935483871,5
40.779,-73.969,2015,1,30.045161290322582,6.33225806451613,8
40.779,-73.969,2015,9,73.916666666666671,3.7733333333333339,4
40.779,-73.969,2015,7,78.1451612903226,3.0580645161290323,10
40.779,-73.969,2015,12,50.716129032258067,4.4741935483870972,14
40.779,-73.969,2015,6,70.61999999999999,4.1766666666666667,14
43.992,-76.022,2015,2,9.367857142857142,8.0892857142857135,1
43.992,-76.022,2015,8,68.109677419354838,5.5193548387096767,12
43.992,-76.022,2015,3,28.383870967741938,7.4064516129032256,8
43.992,-76.022,2015,5,60.7741935483871,6.8129032258064521,12
43.992,-76.022,2015,7,68.451612903225822,5.6032258064516141,12
43.992,-76.022,2015,12,40.322580645161288,7.258064516129032,18
43.992,-76.022,2015,1,17.106451612903225,8.387096774193548,7
43.992,-76.022,2015,11,44.216666666666661,7.5366666666666671,12
43.992,-76.022,2015,9,64.776666666666685,5.5399999999999991,10
43.992,-76.022,2015,10,47.622580645161293,7.2838709677419367,12
43.992,-76.022,2015,4,44.216666666666669,8.15,14
43.992,-76.022,2015,6,63.023333333333319,5.9200000000000008,21
42.493,-79.272,2015,9,66.676666666666662,6.4566666666666679,11
42.493,-79.272,2015,11,47.213333333333338,10.033333333333333,14
42.493,-79.272,2015,7,69.6161290322581,5.9774193548387107,10
42.493,-79.272,2015,10,52.3,9.25483870967742,14
42.493,-79.272,2015,3,29.4516129032258,8.2419354838709715,9
42.493,-79.272,2015,1,21.054838709677423,10.638709677419355,7
42.493,-79.272,2015,2,11.839285714285715,8.6464285714285722,2
42.493,-79.272,2015,5,61.435483870967744,7.2870967741935484,20
42.493,-79.272,2015,8,68.803225806451621,6.4806451612903215,13
42.493,-79.272,2015,6,64.90666666666668,6.6966666666666645,18
42.493,-79.272,2015,4,45.183333333333344,8.6066666666666674,18
42.493,-79.272,2015,12,43.032258064516121,9.54516129032258,18
42.941,-78.736,2015,10,51.525806451612908,9.4322580645161285,17
42.941,-78.736,2015,3,29.296774193548384,9.1999999999999975,12
42.941,-78.736,2015,5,62.616129032258058,8.58064516129032,15
42.941,-78.736,2015,9,67.39,6.9266666666666667,11
42.941,-78.736,2015,7,71.058064516129022,6.758064516129032,15
42.941,-78.736,2015,2,11.885714285714284,9.8321428571428591,2
42.941,-78.736,2015,4,45.070000000000014,9.6399999999999988,18
42.941,-78.736,2015,12,42.183870967741932,8.9129032258064527,19
42.941,-78.736,2015,8,69.458064516129042,7.4064516129032274,14
42.941,-78.736,2015,1,20.590322580645164,11.132258064516131,5
42.941,-78.736,2015,11,46.89,9.5199999999999978,14
42.941,-78.736,2015,6,65.373333333333335,8.09,18
42.85,-73.95,2015,9,69.810714285714283,3.9178571428571418,7
42.85,-73.95,2015,8,75.775862068965523,5.4896551724137916,2
42.85,-73.95,2015,1,21.13,6.82,1
42.85,-73.95,2015,12,42.038709677419355,5.0516129032258066,12
42.85,-73.95,2015,6,68.377777777777766,6.1888888888888891,12
42.85,-73.95,2015,2,15.103703703703706,7.5629629629629642,0
42.85,-73.95,2015,4,49.948275862068961,7.7241379310344831,5
42.85,-73.95,2015,5,68.122580645161293,6.1354838709677413,4
42.85,-73.95,2015,10,51.748275862068958,5.5137931034482754,9
42.85,-73.95,2015,7,75.03333333333336,5.3466666666666676,9
42.85,-73.95,2015,3,30.654838709677417,7.5516129032258057,6
42.85,-73.95,2015,11,46.600000000000009,5.3275862068965507,6
40.639,-74.146,2015,9,71.145833333333343,0.0,0
40.639,-74.146,2015,8,77.39655172413795,0.0,0
40.639,-74.146,2015,2,24.037037037037038,0.0,0
40.639,-74.146,2015,6,70.43,0.0,0
40.639,-74.146,2015,5,66.106451612903228,0.0,0
40.639,-74.146,2015,7,77.451612903225836,0.0,0
40.639,-74.146,2015,1,29.690322580645159,0.0,0
40.639,-74.146,2015,4,52.81,0.0,0
40.639,-74.146,2015,3,37.045161290322589,0.0,0
40.639,-74.146,2015,12,50.019999999999996,0.0,0
40.639,-74.146,2015,10,57.000000000000007,0.0,0
40.639,-74.146,2015,11,51.474999999999994,0.0,0
43.338,-73.61,2015,8,70.3967741935484,3.8806451612903223,8
43.338,-73.61,2015,12,38.925806451612907,3.4064516129032256,15
43.338,-73.61,2015,4,45.543333333333322,6.2,13
43.338,-73.61,2015,6,64.52,4.8966666666666674,20
43.338,-73.61,2015,3,27.858064516129033,5.887096774193548,7
43.338,-73.61,2015,1,16.86774193548387,5.2419354838709671,4
43.338,-73.61,2015,2,9.8392857142857153,5.2964285714285717,0
43.338,-73.61,2015,9,64.796666666666681,3.2666666666666671,11
43.338,-73.61,2015,5,63.574193548387107,5.4935483870967738,7
43.338,-73.61,2015,10,47.929032258064517,5.138709677419353,12
43.338,-73.61,2015,7,70.454838709677432,4.0451612903225822,15
43.338,-73.61,2015,11,42.890000000000008,4.21,9
42.483,-76.467,2015,2,12.1,8.2321428571428577,0
42.483,-76.467,2015,6,64.286666666666648,5.4999999999999991,20
42.483,-76.467,2015,9,65.11666666666666,4.2,9
42.483,-76.467,2015,11,44.28,7.1366666666666676,11
42.483,-76.467,2015,5,62.470967741935482,5.9419354838709673,13
42.483,-76.467,2015,10,48.767741935483869,5.7129032258064534,18
42.483,-76.467,2015,1,19.474193548387092,8.44516129032258,5
42.483,-76.467,2015,3,27.261290322580649,7.6838709677419352,12
42.483,-76.467,2015,7,68.4774193548387,4.8387096774193559,14
42.483,-76.467,2015,4,45.19,7.6566666666666654,17
42.483,-76.467,2015,8,67.125806451612888,4.2580645161290311,8
42.483,-76.467,2015,12,41.177419354838712,7.1548387096774189,15
44.65,-73.467,2015,5,60.983870967741929,6.0451612903225822,15
44.65,-73.467,2015,7,69.2451612903226,4.525806451612902,15
44.65,-73.467,2015,2,6.989285714285713,6.110714285714284,1
44.65,-73.467,2015,12,37.841935483870976,4.72258064516129,16
44.65,-73.467,2015,11,41.75,5.4066666666666672,11
44.65,-73.467,2015,9,64.153333333333336,4.373333333333334,9
44.65,-73.467,2015,10,46.225806451612904,5.4967741935483874,14
44.65,-73.467,2015,6,62.07,5.253333333333333,21
44.65,-73.467,2015,3,26.303225806451614,7.15483870967742,8
44.65,-73.467,2015,8,69.0516129032258,4.1709677419354838,13
44.65,-73.467,2015,1,15.390322580645162,6.2419354838709671,3
44.65,-73.467,2015,4,43.53,7.0533333333333328,13
43.333,-78.717,2015,6,59.963333333333338,7.32,0
43.333,-78.717,2015,1,22.909677419354846,12.545161290322582,0
43.333,-78.717,2015,4,43.283333333333331,10.396666666666665,0
43.333,-78.717,2015,2,15.62857142857143,11.904761904761905,0
43.333,-78.717,2015,7,69.7,6.3870967741935489,0
43.333,-78.717,2015,3,30.035483870967742,9.4129032258064527,0
43.333,-78.717,2015,12,42.809677419354841,9.509677419354837,0
43.333,-78.717,2015,8,68.625806451612931,7.3129032258064512,0
43.333,-78.717,2015,5,57.309677419354834,8.0161290322580676,0
43.333,-78.717,2015,10,52.264516129032245,11.332258064516129,0
43.333,-78.717,2015,9,66.433333333333351,8.1800000000000015,0
43.333,-78.717,2015,11,47.223333333333336,9.6199999999999974,0
42.643,-77.056,2015,8,68.964516129032248,4.5612903225806471,12
42.643,-77.056,2015,2,12.975,6.8607142857142858,0
42.643,-77.056,2015,11,46.383333333333347,7.6333333333333329,12
42.643,-77.056,2015,6,65.500000000000014,4.7,21
42.643,-77.056,2015,9,67.326666666666668,4.3533333333333344,12
42.643,-77.056,2015,3,29.64193548387097,7.4612903225806448,10
42.643,-77.056,2015,7,70.222580645161287,4.4548387096774205,13
42.643,-77.056,2015,5,63.787096774193557,6.0419354838709678,13
42.643,-77.056,2015,10,50.561290322580653,5.6064516129032267,17
42.643,-77.056,2015,12,42.290322580645153,6.4451612903225817,15
42.643,-77.056,2015,1,20.748387096774195,8.1032258064516114,3
42.643,-77.056,2015,4,46.56,7.4333333333333327,16
40.8,-73.77,2015,8,76.279310344827579,5.5793103448275865,0
40.8,-73.77,2015,9,71.810000000000016,5.25,0
40.8,-73.77,2015,11,51.758620689655174,7.13103448275862,0
40.8,-73.77,2015,10,57.167741935483882,7.4451612903225817,0
40.8,-73.77,2015,7,75.806451612903246,5.258064516129032,0
40.8,-73.77,2015,4,50.18,7.2799999999999994,0
40.8,-73.77,2015,6,68.12,5.7699999999999987,0
40.8,-73.77,2015,2,23.670370370370371,8.3111111111111118,0
40.8,-73.77,2015,3,35.464516129032262,7.5354838709677425,0
40.8,-73.77,2015,5,62.196774193548372,6.7161290322580642,0
40.8,-73.77,2015,1,29.796774193548387,9.8419354838709676,0
40.8,-73.77,2015,12,49.19310344827587,7.4103448275862069,0
40.96,-72.252,2015,6,66.683333333333337,8.1866666666666674,6
40.96,-72.252,2015,5,62.703846153846158,9.3192307692307672,3
40.96,-72.252,2015,2,25.178571428571431,8.8714285714285719,0
40.96,-72.252,2015,8,76.309090909090912,7.3636363636363633,1
40.96,-72.252,2015,11,50.1125,7.0375000000000005,1
40.96,-72.252,2015,3,38.266666666666666,8.26,4
40.96,-72.252,2015,12,49.88461538461538,7.8166666666666673,3
40.96,-72.252,2015,4,49.913333333333327,9.9666666666666668,4
40.96,-72.252,2015,1,32.45624999999999,8.2250000000000014,2
40.96,-72.252,2015,7,75.133333333333354,6.9541666666666657,0
43.234,-75.412,2015,1,16.341935483870966,7.187096774193547,6
43.234,-75.412,2015,7,68.961290322580638,4.7548387096774185,13
43.234,-75.412,2015,4,43.86333333333333,7.38,15
43.234,-75.412,2015,6,64.656666666666652,5.8066666666666649,22
43.234,-75.412,2015,11,44.006666666666668,6.1366666666666658,15
43.234,-75.412,2015,2,9.7035714285714256,6.632142857142858,0
43.234,-75.412,2015,3,25.248387096774191,7.0741935483870968,11
43.234,-75.412,2015,12,40.035483870967738,6.0483870967741931,19
43.234,-75.412,2015,8,68.1,4.77741935483871,15
43.234,-75.412,2015,5,62.054838709677419,5.6258064516129025,15
43.234,-75.412,2015,10,47.925806451612893,5.6548387096774206,13
43.234,-75.412,2015,9,65.40333333333335,4.3133333333333335,10
44.05,-75.733,2015,9,65.446666666666673,6.6133333333333333,11
44.05,-75.733,2015,4,43.223333333333336,9.63333333333333,18
44.05,-75.733,2015,7,69.387096774193566,6.6741935483870956,19
44.05,-75.733,2015,1,13.967741935483868,8.5870967741935473,9
44.05,-75.733,2015,3,25.41612903225807,8.5161290322580623,14
44.05,-75.733,2015,11,43.676666666666669,8.6633333333333322,13
44.05,-75.733,2015,8,68.351612903225814,6.6645161290322577,20
44.05,-75.733,2015,12,39.280645161290323,8.3354838709677423,23
44.05,-75.733,2015,5,62.170967741935492,7.9387096774193537,17
44.05,-75.733,2015,6,63.653333333333329,7.24,24
44.05,-75.733,2015,2,6.882142857142858,8.053571428571427,0
44.05,-75.733,2015,10,47.364516129032246,8.1258064516129043,19
42.15,-79.25,2016,3,39.925806451612907,7.7483870967741924,1
42.15,-79.25,2016,9,62.99666666666667,5.5633333333333335,2
42.15,-79.25,2016,6,64.53,6.6233333333333322,4
42.15,-79.25,2016,1,23.980645161290326,8.77741935483871,0
42.15,-79.25,2016,4,42.673333333333339,7.1933333333333334,0
42.15,-79.25,2016,12,27.664516129032258,9.8096774193548377,0
42.15,-79.25,2016,10,51.3741935483871,7.14516129032258,3
42.15,-79.25,2016,5,55.33,6.0033333333333339,2
42.15,-79.25,2016,8,70.312903225806451,5.5258064516129046,7
42.15,-79.25,2016,11,42.076666666666668,7.8199999999999994,0
42.15,-79.25,2016,7,69.283870967741933,5.84516129032258,7
42.15,-79.25,2016,2,27.903448275862068,8.6517241379310352,0
42.159,-76.892,2016,10,52.241935483870968,4.3064516129032251,16
42.159,-76.892,2016,3,41.845161290322586,5.9806451612903224,11
42.159,-76.892,2016,11,42.01,4.72,12
42.159,-76.892,2016,2,30.017241379310342,6.1068965517241374,7
42.159,-76.892,2016,5,57.37419354838709,4.661290322580645,16
42.159,-76.892,2016,7,73.196774193548379,4.6516129032258071,11
42.159,-76.892,2016,9,64.116666666666674,3.8466666666666667,11
42.159,-76.892,2016,4,43.756666666666668,5.3066666666666666,12
42.159,-76.892,2016,8,72.6258064516129,3.8451612903225802,16
42.159,-76.892,2016,1,27.222580645161287,6.1516129032258062,5
42.159,-76.892,2016,6,66.823333333333309,4.89,8
42.159,-76.892,2016,12,31.090322580645161,6.1612903225806432,11
43.067,-79.017,2016,1,28.338709677419356,0.0,0
43.067,-79.017,2016,8,75.609677419354824,0.0,0
43.067,-79.017,2016,2,29.834482758620691,0.0,0
43.067,-79.017,2016,4,42.7,0.0,0
43.067,-79.017,2016,6,67.239999999999981,0.0,0
43.067,-79.017,2016,12,32.13548387096774,0.0,0
43.067,-79.017,2016,11,46.303448275862081,0.0,0
43.067,-79.017,2016,9,68.096666666666678,0.0,0
43.067,-79.017,2016,7,73.641935483870938,0.0,0
43.067,-79.017,2016,5,57.28709677419355,0.0,0
43.067,-79.017,2016,3,37.567741935483859,0.0,0
43.067,-79.017,2016,10,55.341935483870962,0.0,0
42.571,-77.713,2016,3,41.248387096774188,6.4935483870967738,14
42.571,-77.713,2016,5,58.574193548387086,5.5645161290322571,16
42.571,-77.713,2016,1,27.548387096774196,6.1903225806451614,3
42.571,-77.713,2016,7,73.867741935483863,4.8354838709677423,11
42.571,-77.713,2016,10,54.116129032258073,6.0387096774193543,13
42.571,-77.713,2016,9,66.11666666666666,5.3033333333333319,9
42.571,-77.713,2016,4,43.813333333333333,5.8600000000000012,9
42.571,-77.713,2016,11,44.156666666666673,5.7666666666666648,11
42.571,-77.713,2016,12,31.735483870967737,6.080645161290323,12
42.571,-77.713,2016,2,30.23103448275862,6.5965517241379317,8
42.571,-77.713,2016,6,67.713333333333324,5.5399999999999991,7
42.571,-77.713,2016,8,74.48064516129034,4.8032258064516125,12
43.117,-77.677,2016,12,31.803225806451607,9.95483870967742,12
43.117,-77.677,2016,6,68.303333333333327,7.4333333333333327,10
43.117,-77.677,2016,7,74.651612903225839,6.974193548387098,9
43.117,-77.677,2016,8,75.6032258064516,6.3354838709677415,12
43.117,-77.677,2016,5,59.022580645161291,6.7354838709677418,14
43.117,-77.677,2016,4,43.629999999999995,7.8833333333333329,14
43.117,-77.677,2016,9,66.846666666666664,6.07,13
43.117,-77.677,2016,11,44.929999999999986,7.7533333333333321,15
43.117,-77.677,2016,3,39.841935483870984,8.1580645161290324,15
43.117,-77.677,2016,10,54.341935483870976,7.3225806451612891,18
43.117,-77.677,2016,1,27.990322580645163,9.30967741935484,5
43.117,-77.677,2016,2,30.141379310344828,9.8068965517241384,6
42.207,-75.98,2016,11,40.173333333333318,7.12,13
42.207,-75.98,2016,10,49.13225806451613,7.3096774193548395,17
42.207,-75.98,2016,5,56.077419354838696,6.1548387096774189,16
42.207,-75.98,2016,4,42.443333333333342,7.11,10
42.207,-75.98,2016,1,24.580645161290324,8.232258064516131,4
42.207,-75.98,2016,12,27.193548387096779,8.3516129032258064,8
42.207,-75.98,2016,2,27.889655172413796,8.73793103448276,7
42.207,-75.98,2016,8,70.40645161290324,5.6967741935483858,15
42.207,-75.98,2016,3,39.222580645161287,8.251612903225805,11
42.207,-75.98,2016,9,62.603333333333332,6.0233333333333352,11
42.207,-75.98,2016,6,64.676666666666677,6.5466666666666669,14
42.207,-75.98,2016,7,71.2612903225806,5.7483870967741924,11
41.509,-74.265,2016,12,32.680645161290329,5.370967741935484,9
41.509,-74.265,2016,4,48.820000000000007,5.7499999999999991,12
41.509,-74.265,2016,2,32.903448275862075,7.1965517241379322,5
41.509,-74.265,2016,7,74.3290322580645,4.2709677419354852,13
41.509,-74.265,2016,1,29.448387096774191,6.2806451612903222,3
41.509,-74.265,2016,8,74.458064516129028,3.8806451612903228,15
41.509,-74.265,2016,3,44.393548387096779,6.3903225806451625,9
41.509,-74.265,2016,9,66.54,4.0933333333333337,7
41.509,-74.265,2016,5,59.270967741935486,4.4580645161290322,14
41.509,-74.265,2016,6,68.816666666666677,4.7166666666666668,9
41.509,-74.265,2016,11,43.686666666666675,5.2033333333333323,9
41.509,-74.265,2016,10,53.483870967741943,4.8096774193548395,17
43.111,-76.104,2016,1,25.812903225806455,8.519354838709674,7
43.111,-76.104,2016,6,66.78,6.8633333333333324,11
43.111,-76.104,2016,7,73.380645161290317,6.0838709677419365,11
43.111,-76.104,2016,12,30.296774193548391,9.6806451612903235,15
43.111,-76.104,2016,10,51.970967741935482,6.8290322580645162,21
43.111,-76.104,2016,9,64.903333333333322,5.2733333333333334,12
43.111,-76.104,2016,4,43.36,6.6933333333333334,12
43.111,-76.104,2016,11,41.54999999999999,6.9766666666666675,15
43.111,-76.104,2016,5,58.354838709677416,6.1064516129032267,16
43.111,-76.104,2016,8,73.935483870967772,6.0451612903225813,13
43.111,-76.104,2016,3,39.487096774193553,7.5548387096774183,15
43.111,-76.104,2016,2,28.096551724137939,8.9206896551724135,11
42.683,-79.05,2016,9,67.236666666666679,0.0,0
42.683,-79.05,2016,10,55.583870967741937,0.0,0
42.683,-79.05,2016,4,42.096666666666664,0.0,0
42.683,-79.05,2016,11,46.772413793103453,0.0,0
42.683,-79.05,2016,5,55.029032258064518,0.0,0
42.683,-79.05,2016,3,37.9,0.0,0
42.683,-79.05,2016,1,28.951612903225811,0.0,0
42.683,-79.05,2016,6,65.096666666666664,0.0,0
42.683,-79.05,2016,7,71.7225806451613,0.0,0
42.683,-79.05,2016,2,30.151724137931041,0.0,0
42.683,-79.05,2016,12,33.035483870967738,0.0,0
42.683,-79.05,2016,8,73.99354838709678,0.0,0
40.701,-74.014,2016,10,59.241935483870968,0.0,0
40.701,-74.014,2016,7,77.2709677419355,0.0,0
40.701,-74.014,2016,3,47.190322580645173,0.0,0
40.701,-74.014,2016,12,38.7516129032258,0.0,0
40.701,-74.014,2016,11,49.999999999999993,0.0,0
40.701,-74.014,2016,8,78.470967741935468,0.0,0
40.701,-74.014,2016,5,60.387096774193537,0.0,0
40.701,-74.014,2016,2,37.213793103448268,0.0,0
40.701,-74.014,2016,4,51.483333333333341,0.0,0
40.701,-74.014,2016,1,34.606451612903221,0.0,0
40.701,-74.014,2016,9,72.02,0.0,0
40.701,-74.014,2016,6,70.24666666666667,0.0,0
42.44,-76.246,2016,10,49.774193548387096,,0
42.44,-76.246,2016,6,63.63666666666667,,0
42.44,-76.246,2016,3,38.741935483870968,,0
42.44,-76.246,2016,5,54.603225806451611,,0
42.44,-76.246,2016,4,40.896666666666668,,0
42.44,-76.246,2016,7,69.790322580645153,,0
42.44,-76.246,2016,9,61.153333333333336,,0
42.44,-76.246,2016,12,28.135483870967743,,0
42.44,-76.246,2016,8,69.780645161290323,,0
42.44,-76.246,2016,11,39.646666666666675,,0
42.44,-76.246,2016,2,27.5448275862069,,0
42.44,-76.246,2016,1,23.9741935483871,,0
42.241,-78.371,2016,12,25.661290322580648,6.6322580645161295,7
42.241,-78.371,2016,6,61.879999999999995,4.9700000000000006,11
42.241,-78.371,2016,2,25.437931034482759,6.8137931034482762,6
42.241,-78.371,2016,5,52.951612903225787,4.87741935483871,18
42.241,-78.371,2016,10,48.000000000000007,5.7030303030303022,17
42.241,-78.371,2016,1,22.109677419354831,6.7935483870967737,4
42.241,-78.371,2016,3,37.303225806451607,6.6290322580645169,12
42.241,-78.371,2016,4,39.713333333333345,5.8766666666666652,11
42.241,-78.371,2016,7,67.438709677419354,3.9967741935483874,16
42.241,-78.371,2016,11,37.796153846153842,5.63076923076923,11
42.241,-78.371,2016,8,68.025806451612908,4.2225806451612895,19
42.241,-78.371,2016,9,60.7375,4.45,11
43.267,-79.067,2016,9,68.743333333333339,6.1099999999999994,0
43.267,-79.067,2016,6,67.473333333333329,4.9333333333333336,0
43.267,-79.067,2016,3,38.248387096774195,7.5870967741935482,0
43.267,-79.067,2016,12,33.006451612903227,10.532258064516128,0
43.267,-79.067,2016,8,75.864516129032239,6.4645161290322593,0
43.267,-79.067,2016,11,47.727586206896547,9.4724137931034527,0
43.267,-79.067,2016,7,74.40967741935485,6.9806451612903206,0
43.267,-79.067,2016,1,29.477419354838705,9.8741935483870957,0
43.267,-79.067,2016,2,31.217241379310344,10.203448275862067,0
43.267,-79.067,2016,4,41.186666666666675,7.0399999999999991,0
43.267,-79.067,2016,5,56.412903225806446,0.31290322580645163,0
43.267,-79.067,2016,10,56.9258064516129,9.7193548387096769,0
42.747,-73.799,2016,12,30.806451612903228,7.7741935483870961,12
42.747,-73.799,2016,7,74.0677419354839,5.8387096774193523,14
42.747,-73.799,2016,3,42.083870967741923,8.0354838709677416,15
42.747,-73.799,2016,11,41.283333333333339,5.7466666666666661,12
42.747,-73.799,2016,5,59.832258064516132,6.0451612903225813,19
42.747,-73.799,2016,9,66.273333333333326,4.629999999999999,9
42.747,-73.799,2016,1,27.806451612903235,7.5161290322580641,3
42.747,-73.799,2016,2,31.010344827586206,8.213793103448273,11
42.747,-73.799,2016,10,52.745161290322578,6.12258064516129,16
42.747,-73.799,2016,4,46.63666666666667,7.3566666666666674,12
42.747,-73.799,2016,6,68.463333333333324,7.080000000000001,11
42.747,-73.799,2016,8,73.958064516129014,5.4806451612903233,14
44.703,-75.495,2016,3,32.787096774193543,0.0,0
44.703,-75.495,2016,2,21.996551724137927,0.0,0
44.703,-75.495,2016,6,64.3766666666667,0.0,0
44.703,-75.495,2016,4,40.06333333333334,0.0,0
44.703,-75.495,2016,9,64.806666666666658,0.0,0
44.703,-75.495,2016,10,50.8516129032258,0.0,0
44.703,-75.495,2016,1,23.887096774193552,0.0,0
44.703,-75.495,2016,12,27.922580645161297,0.0,0
44.703,-75.495,2016,5,56.161290322580648,0.0,0
44.703,-75.495,2016,8,72.82580645161292,0.0,0
44.703,-75.495,2016,11,39.862068965517231,0.0,0
44.703,-75.495,2016,7,71.222580645161287,0.0,0
40.794,-73.102,2016,6,68.96,7.8500000000000014,9
40.794,-73.102,2016,1,33.693548387096769,9.3645161290322623,4
40.794,-73.102,2016,8,77.138709677419371,7.29032258064516,11
40.794,-73.102,2016,3,45.4516129032258,9.4580645161290331,8
40.794,-73.102,2016,7,76.229032258064521,7.1258064516129034,14
40.794,-73.102,2016,12,37.20645161290323,7.9483870967741961,10
40.794,-73.102,2016,2,35.968965517241379,10.1,12
40.794,-73.102,2016,4,49.076666666666668,9.2066666666666688,13
40.794,-73.102,2016,11,47.383333333333333,7.7,8
40.794,-73.102,2016,9,68.916666666666671,7.48,11
40.794,-73.102,2016,10,57.058064516129036,7.6000000000000005,13
40.794,-73.102,2016,5,58.487096774193546,7.4870967741935486,20
41.073,-71.923,2016,8,74.7548387096774,4.6516129032258053,0
41.073,-71.923,2016,12,39.774193548387096,8.667741935483873,0
41.073,-71.923,2016,1,36.364516129032253,8.6,0
41.073,-71.923,2016,3,43.361290322580643,7.64516129032258,0
41.073,-71.923,2016,5,56.206451612903223,5.5064516129032262,0
41.073,-71.923,2016,4,46.85,6.8433333333333337,0
41.073,-71.923,2016,9,67.81,5.8633333333333342,0
41.073,-71.923,2016,6,65.75,5.05,0
41.073,-71.923,2016,11,49.423333333333339,7.669999999999999,0
41.073,-71.923,2016,10,57.567741935483888,6.990322580645163,0
41.073,-71.923,2016,7,73.587096774193554,4.8677419354838705,0
41.073,-71.923,2016,2,36.548275862068976,8.8,0
40.639,-73.762,2016,2,37.517241379310342,11.693103448275862,14
40.639,-73.762,2016,8,78.5741935483871,8.6354838709677413,10
40.639,-73.762,2016,6,71.713333333333338,9.2766666666666673,8
40.639,-73.762,2016,12,39.954838709677418,11.167741935483869,11
40.639,-73.762,2016,5,59.687096774193549,8.4645161290322584,18
40.639,-73.762,2016,3,46.954838709677418,10.512903225806451,7
40.639,-73.762,2016,9,71.203333333333333,9.1133333333333333,10
40.639,-73.762,2016,10,58.699999999999996,9.2096774193548381,12
40.639,-73.762,2016,7,77.987096774193532,9.1290322580645125,15
40.639,-73.762,2016,4,50.589999999999996,10.576666666666664,14
40.639,-73.762,2016,11,50.559999999999988,10.403333333333332,8
40.639,-73.762,2016,1,35.158064516129038,11.290322580645158,6
40.822,-72.869,2016,3,44.945161290322581,7.6193548387096763,9
40.822,-72.869,2016,2,35.61724137931035,8.4206896551724153,16
40.822,-72.869,2016,4,48.399999999999991,7.4666666666666659,14
40.822,-72.869,2016,10,55.941935483870964,5.8741935483870966,11
40.822,-72.869,2016,9,67.536666666666676,5.2499999999999991,10
40.822,-72.869,2016,12,36.651612903225818,6.7322580645161292,13
40.822,-72.869,2016,8,75.883870967741942,5.8838709677419354,6
40.822,-72.869,2016,11,46.550000000000004,6.6533333333333333,8
40.822,-72.869,2016,6,67.816666666666663,6.3966666666666674,11
40.822,-72.869,2016,7,75.719354838709691,5.67741935483871,14
40.822,-72.869,2016,5,58.177419354838705,5.8483870967741929,17
40.822,-72.869,2016,1,33.638709677419357,7.6516129032258053,9
43.25,-77.583,2016,11,46.627586206896559,10.341379310344829,0
43.25,-77.583,2016,9,67.98,8.5833333333333357,0
43.25,-77.583,2016,3,38.735483870967741,0.0,0
43.25,-77.583,2016,10,55.20967741935484,10.861290322580647,0
43.25,-77.583,2016,8,74.625806451612931,7.4387096774193546,0
43.25,-77.583,2016,4,41.643333333333338,0.0,0
43.25,-77.583,2016,12,32.977419354838716,11.445161290322583,0
43.25,-77.583,2016,1,29.36451612903226,10.529032258064516,0
43.25,-77.583,2016,6,66.48,3.7133333333333334,0
43.25,-77.583,2016,5,55.729032258064507,0.0,0
43.25,-77.583,2016,2,30.85172413793104,1.0689655172413797,0
43.25,-77.583,2016,7,73.754838709677415,8.425806451612905,0
41.067,-73.708,2016,8,75.658064516129045,5.0000000000000009,14
41.067,-73.708,2016,4,49.056666666666651,6.5500000000000025,14
41.067,-73.708,2016,7,75.761290322580649,5.2645161290322582,13
41.067,-73.708,2016,2,34.668965517241375,8.3689655172413762,11
41.067,-73.708,2016,10,55.706451612903223,6.9161290322580635,15
41.067,-73.708,2016,12,35.50645161290322,7.4290322580645176,11
41.067,-73.708,2016,3,44.9967741935484,7.4999999999999991,9
41.067,-73.708,2016,5,59.42258064516129,5.4516129032258078,17
41.067,-73.708,2016,9,68.536666666666662,5.89,10
41.067,-73.708,2016,11,46.736666666666679,7.8800000000000017,8
41.067,-73.708,2016,6,69.046666666666653,6.32,9
41.067,-73.708,2016,1,31.361290322580643,8.058064516129031,3
41.5,-74.1,2016,5,60.096774193548391,5.9903225806451612,11
41.5,-74.1,2016,6,69.429999999999978,6.0533333333333328,6
41.5,-74.1,2016,8,74.709677419354847,4.7451612903225806,8
41.5,-74.1,2016,4,49.413333333333334,6.7200000000000006,7
41.5,-74.1,2016,11,44.286666666666676,6.4899999999999984,9
41.5,-74.1,2016,2,33.386206896551734,8.6103448275862071,8
41.5,-74.1,2016,10,53.935483870967744,5.9935483870967738,12
41.5,-74.1,2016,7,74.858064516129033,5.2193548387096778,7
41.5,-74.1,2016,12,32.548387096774192,7.5322580645161308,9
41.5,-74.1,2016,9,67.463333333333324,4.8566666666666665,8
41.5,-74.1,2016,3,44.529032258064511,7.6322580645161286,6
41.5,-74.1,2016,1,29.64516129032258,7.55483870967742,4
44.385,-74.207,2016,3,31.551612903225806,5.3645161290322561,13
44.385,-74.207,2016,9,57.296666666666653,3.5666666666666669,9
44.385,-74.207,2016,4,35.833333333333336,5.1700000000000008,9
44.385,-74.207,2016,2,20.975862068965519,6.5551724137931027,9
44.385,-74.207,2016,6,60.016666666666659,4.8633333333333342,15
44.385,-74.207,2016,7,65.199999999999989,4.2612903225806473,12
44.385,-74.207,2016,10,45.232258064516131,4.05483870967742,14
44.385,-74.207,2016,8,66.451612903225808,4.564516129032258,11
44.385,-74.207,2016,5,52.622580645161285,4.4483870967741934,11
44.385,-74.207,2016,1,16.638709677419357,5.4032258064516139,4
44.385,-74.207,2016,11,35.656666666666666,4.206666666666667,10
44.385,-74.207,2016,12,22.541935483870972,6.2806451612903222,5
43.35,-76.385,2016,12,30.941935483870974,8.6064516129032249,18
43.35,-76.385,2016,3,40.912903225806446,6.4032258064516139,17
43.35,-76.385,2016,11,42.863333333333337,6.3566666666666674,14
43.35,-76.385,2016,10,52.358064516129041,5.24516129032258,19
43.35,-76.385,2016,4,44.433333333333323,6.2433333333333323,13
43.35,-76.385,2016,6,67.9,5.5766666666666662,8
43.35,-76.385,2016,7,74.4709677419355,4.6193548387096781,9
43.35,-76.385,2016,9,64.376666666666679,3.89,8
43.35,-76.385,2016,2,30.358620689655165,7.4965517241379311,9
43.35,-76.385,2016,1,27.856666666666658,7.8633333333333324,7
43.35,-76.385,2016,5,59.341935483870976,5.193548387096774,14
43.35,-76.385,2016,8,74.312903225806465,4.3354838709677415,13
43.267,-77.617,2016,12,32.341935483870976,0.0,0
43.267,-77.617,2016,6,65.426666666666677,0.0,0
43.267,-77.617,2016,10,54.406451612903233,0.0,0
43.267,-77.617,2016,5,59.435,0.0,0
43.267,-77.617,2016,9,67.286666666666662,0.0,0
43.267,-77.617,2016,8,74.132258064516137,0.0,0
43.267,-77.617,2016,11,45.631034482758622,0.0,0
43.267,-77.617,2016,7,73.232258064516117,0.0,0
41.786,-73.742,2016,7,72.316129032258075,,0
41.786,-73.742,2016,6,66.41,,0
41.786,-73.742,2016,10,52.3741935483871,,0
41.786,-73.742,2016,12,31.138709677419353,,0
41.786,-73.742,2016,4,47.023333333333333,,0
41.786,-73.742,2016,2,32.093103448275869,,0
41.786,-73.742,2016,5,58.36451612903226,,0
41.786,-73.742,2016,1,28.683870967741935,,0
41.786,-73.742,2016,8,72.054838709677426,,0
41.786,-73.742,2016,3,43.309677419354841,,0
41.786,-73.742,2016,9,64.759999999999991,,0
41.786,-73.742,2016,11,41.48,,0
42.109,-77.992,2016,2,27.834482758620691,9.6034482758620712,7
42.109,-77.992,2016,4,42.75,6.8699999999999992,12
42.109,-77.992,2016,9,63.496666666666677,4.9766666666666657,15
42.109,-77.992,2016,10,51.558064516129029,7.5548387096774192,17
42.109,-77.992,2016,7,70.92903225806451,5.8903225806451607,13
42.109,-77.992,2016,5,56.319354838709671,6.0612903225806454,16
42.109,-77.992,2016,6,64.700000000000017,6.6633333333333322,11
42.109,-77.992,2016,11,42.916666666666679,8.2466666666666679,11
42.109,-77.992,2016,3,40.641935483870967,8.5935483870967744,15
42.109,-77.992,2016,8,71.3709677419355,5.6967741935483884,18
42.109,-77.992,2016,1,24.812903225806455,9.1451612903225783,5
42.109,-77.992,2016,12,29.406451612903219,9.861290322580647,15
43.108,-78.938,2016,9,68.73333333333332,6.7266666666666675,13
43.108,-78.938,2016,7,75.780645161290337,8.0709677419354833,11
43.108,-78.938,2016,2,30.724137931034477,11.265517241379312,9
43.108,-78.938,2016,5,59.745161290322578,7.0387096774193552,11
43.108,-78.938,2016,3,39.6258064516129,9.0580645161290327,16
43.108,-78.938,2016,11,45.976666666666667,8.8166666666666664,13
43.108,-78.938,2016,6,69.403333333333336,8.0366666666666671,10
43.108,-78.938,2016,1,28.238709677419347,10.674193548387096,9
43.108,-78.938,2016,4,43.946666666666673,8.53,11
43.108,-78.938,2016,10,55.56774193548388,8.2870967741935466,16
43.108,-78.938,2016,8,76.832258064516139,7.0709677419354851,12
43.108,-78.938,2016,12,32.503225806451617,11.845161290322579,14
41.701,-74.795,2016,1,25.135483870967747,7.2193548387096769,0
41.701,-74.795,2016,6,64.646666666666675,5.3599999999999994,3
41.701,-74.795,2016,9,63.000000000000007,4.3766666666666669,0
41.701,-74.795,2016,3,40.235483870967755,7.1258064516129034,2
41.701,-74.795,2016,11,40.223333333333336,6.3166666666666664,0
41.701,-74.795,2016,10,49.870967741935488,5.9838709677419351,0
41.701,-74.795,2016,8,69.887096774193566,4.0483870967741948,3
41.701,-74.795,2016,2,28.41379310344827,7.5482758620689649,1
41.701,-74.795,2016,7,69.92258064516129,4.2483870967741941,7
41.701,-74.795,2016,4,44.88,6.0866666666666669,0
41.701,-74.795,2016,12,28.064516129032263,6.6129032258064511,0
41.701,-74.795,2016,5,55.887096774193544,4.9451612903225808,3
40.701,-74.009,2016,10,63.91875,5.46875,0
40.701,-74.009,2016,11,49.847619047619048,5.1238095238095234,3
40.701,-74.009,2016,12,40.183870967741939,7.1161290322580655,0
40.701,-74.009,2016,9,73.899999999999977,6.0599999999999987,0
40.701,-74.009,2016,7,81.374999999999986,4.875,0
40.701,-74.009,2016,8,80.2483870967742,4.9258064516129041,0
40.844,-72.632,2016,10,55.145161290322584,6.9129032258064509,12
40.844,-72.632,2016,4,44.153333333333329,7.7133333333333338,12
40.844,-72.632,2016,2,34.350000000000009,8.7538461538461547,11
40.844,-72.632,2016,3,41.20645161290323,8.3806451612903228,8
40.844,-72.632,2016,11,44.923333333333325,7.2100000000000009,7
40.844,-72.632,2016,5,52.933333333333323,6.7099999999999991,19
40.844,-72.632,2016,9,66.75,6.9466666666666672,12
40.844,-72.632,2016,1,32.458064516129028,8.6032258064516132,4
40.844,-72.632,2016,7,73.606451612903214,5.9161290322580644,12
40.844,-72.632,2016,12,35.787096774193543,7.1838709677419361,11
40.844,-72.632,2016,6,65.863333333333344,6.5933333333333328,8
40.844,-72.632,2016,8,74.141935483870967,5.9161290322580653,5
41.626,-73.882,2016,7,76.277419354838713,3.42258064516129,15
41.626,-73.882,2016,11,41.943333333333342,3.7600000000000002,9
41.626,-73.882,2016,4,50.43,5.0166666666666666,10
41.626,-73.882,2016,1,31.580645161290317,5.3741935483870957,2
41.626,-73.882,2016,5,61.499999999999986,3.8580645161290321,12
41.626,-73.882,2016,10,52.658064516129031,4.0290322580645164,11
41.626,-73.882,2016,9,65.939999999999984,3.6733333333333325,8
41.626,-73.882,2016,3,46.300000000000004,5.8967741935483877,8
41.626,-73.882,2016,2,34.686206896551724,5.5896551724137939,6
41.626,-73.882,2016,8,75.91379310344827,2.9482758620689657,7
41.626,-73.882,2016,6,70.603333333333339,4.1466666666666656,7
41.626,-73.882,2016,12,31.590322580645157,4.5161290322580649,6
44.936,-74.846,2016,5,57.983870967741943,6.4741935483870972,11
44.936,-74.846,2016,6,65.246666666666655,6.6366666666666667,14
44.936,-74.846,2016,2,20.875862068965514,8.913793103448274,10
44.936,-74.846,2016,1,20.587096774193547,7.0580645161290319,8
44.936,-74.846,2016,4,40.143333333333324,6.9800000000000013,9
44.936,-74.846,2016,9,62.486666666666665,4.81,9
44.936,-74.846,2016,12,26.28064516129032,7.9741935483870954,10
44.936,-74.846,2016,8,71.7290322580645,5.7612903225806447,11
44.936,-74.846,2016,3,32.616129032258065,7.2064516129032263,13
44.936,-74.846,2016,7,70.632258064516137,6.17741935483871,14
44.936,-74.846,2016,10,49.529032258064518,5.9774193548387089,15
44.936,-74.846,2016,11,39.263333333333328,6.69,12
40.734,-73.417,2016,6,69.876666666666665,7.2633333333333345,11
40.734,-73.417,2016,7,77.0516129032258,7.0032258064516126,13
40.734,-73.417,2016,9,70.023333333333355,7.3633333333333333,9
40.734,-73.417,2016,8,77.987096774193546,7.0935483870967744,6
40.734,-73.417,2016,5,59.138709677419364,7.025806451612902,14
40.734,-73.417,2016,11,48.629999999999995,7.4133333333333313,6
40.734,-73.417,2016,3,45.641935483870959,8.5709677419354851,8
40.734,-73.417,2016,12,38.119354838709668,7.7064516129032263,9
40.734,-73.417,2016,2,37.568965517241381,9.2827586206896555,11
40.734,-73.417,2016,1,34.438709677419347,8.4999999999999982,4
40.734,-73.417,2016,4,49.513333333333328,8.706666666666667,10
40.734,-73.417,2016,10,58.314285714285724,7.1357142857142861,9
42.017,-73.917,2016,2,33.341379310344827,0.0,0
42.017,-73.917,2016,7,74.351612903225814,0.0,0
42.017,-73.917,2016,11,42.927586206896549,0.0,0
42.017,-73.917,2016,12,32.57931034482759,0.0,0
42.017,-73.917,2016,6,69.18,0.0,0
42.017,-73.917,2016,4,49.256666666666668,0.0,0
42.017,-73.917,2016,3,44.78709677419355,0.0,0
42.017,-73.917,2016,8,74.451612903225836,0.0,0
42.017,-73.917,2016,10,54.893103448275866,0.0,0
42.017,-73.917,2016,5,60.383870967741935,0.0,0
42.017,-73.917,2016,9,67.893333333333345,0.0,0
42.017,-73.917,2016,1,30.277419354838706,0.0,0
41.05,-71.97,2016,9,67.903333333333322,0.0,0
41.05,-71.97,2016,5,55.487096774193546,0.0,0
41.05,-71.97,2016,2,37.071428571428569,0.0,0
41.05,-71.97,2016,11,49.132142857142853,0.0,0
41.05,-71.97,2016,1,36.287096774193557,0.0,0
41.05,-71.97,2016,7,72.312903225806465,0.0,0
41.05,-71.97,2016,6,64.86666666666666,0.0,0
41.05,-71.97,2016,3,42.983870967741936,0.0,0
41.05,-71.97,2016,4,46.143333333333338,0.0,0
41.05,-71.97,2016,10,58.083870967741937,0.0,0
41.05,-71.97,2016,12,38.773076923076914,0.0,0
41.05,-71.97,2016,8,74.106451612903243,0.0,0
40.779,-73.88,2016,1,35.651612903225811,10.593548387096771,5
40.779,-73.88,2016,7,80.283870967741919,7.94516129032258,15
40.779,-73.88,2016,11,52.216666666666661,9.68,7
40.779,-73.88,2016,2,38.2344827586207,10.982758620689655,14
40.779,-73.88,2016,4,52.513333333333328,9.0733333333333341,14
40.779,-73.88,2016,10,60.741935483870975,8.9838709677419377,11
40.779,-73.88,2016,12,40.41612903225807,10.467741935483874,11
40.779,-73.88,2016,9,73.513333333333321,8.9466666666666672,11
40.779,-73.88,2016,5,62.900000000000006,7.9870967741935477,15
40.779,-73.88,2016,3,48.300000000000004,9.832258064516127,9
40.779,-73.88,2016,8,80.770967741935479,8.2290322580645157,14
40.779,-73.88,2016,6,73.120000000000019,8.7566666666666659,10
40.779,-73.969,2016,2,37.731034482758616,6.3000000000000007,9
40.779,-73.969,2016,12,38.512903225806447,5.3709677419354831,10
40.779,-73.969,2016,11,49.926666666666662,4.4700000000000006,8
40.779,-73.969,2016,7,78.161290322580641,3.4064516129032247,15
40.779,-73.969,2016,5,61.919354838709673,3.7576923076923081,10
40.779,-73.969,2016,10,58.409677419354843,4.03225806451613,8
40.779,-73.969,2016,1,34.548387096774192,6.1032258064516141,4
40.779,-73.969,2016,3,48.141935483870974,5.7354838709677436,7
40.779,-73.969,2016,8,78.587096774193554,3.3068965517241375,11
40.779,-73.969,2016,6,71.78,3.68,8
40.779,-73.969,2016,9,71.343333333333334,4.1999999999999993,7
40.779,-73.969,2016,4,52.626666666666672,5.0133333333333328,12
43.992,-76.022,2016,4,40.629999999999995,7.6333333333333337,10
43.992,-76.022,2016,7,72.0258064516129,6.6032258064516132,7
43.992,-76.022,2016,2,24.448275862068972,8.0137931034482754,11
43.992,-76.022,2016,11,41.230000000000011,6.5666666666666664,10
43.992,-76.022,2016,8,73.038709677419362,5.967741935483871,12
43.992,-76.022,2016,12,29.851612903225803,9.5,13
43.992,-76.022,2016,5,56.103225806451626,5.9645161290322566,12
43.992,-76.022,2016,3,35.725806451612904,7.032258064516129,16
43.992,-76.022,2016,9,62.653333333333343,5.04,10
43.992,-76.022,2016,10,50.896774193548396,6.0612903225806454,15
43.992,-76.022,2016,1,24.145161290322584,8.0709677419354851,8
43.992,-76.022,2016,6,64.543333333333351,6.2566666666666677,12
42.493,-79.272,2016,8,74.183870967741939,6.5322580645161281,13
42.493,-79.272,2016,2,30.751724137931028,10.793103448275861,9
42.493,-79.272,2016,9,66.313333333333347,6.6433333333333344,9
42.493,-79.272,2016,10,55.270967741935486,8.2838709677419349,15
42.493,-79.272,2016,11,46.1,9.21,15
42.493,-79.272,2016,5,57.470967741935496,6.3258064516129027,9
42.493,-79.272,2016,7,72.780645161290352,6.8806451612903228,12
42.493,-79.272,2016,3,40.541935483870958,8.3032258064516142,13
42.493,-79.272,2016,1,28.1258064516129,11.087096774193549,6
42.493,-79.272,2016,4,43.18333333333333,8.18,15
42.493,-79.272,2016,6,66.923333333333346,7.3833333333333329,11
42.493,-79.272,2016,12,32.438709677419347,11.56451612903226,15
42.941,-78.736,2016,8,75.42903225806451,7.5774193548387094,10
42.941,-78.736,2016,11,45.24,8.7966666666666633,12
42.941,-78.736,2016,7,74.129032258064512,8.3838709677419381,10
42.941,-78.736,2016,1,27.196774193548382,10.42258064516129,10
42.941,-78.736,2016,4,43.68666666666666,8.8100000000000023,12
42.941,-78.736,2016,12,31.309677419354838,11.335483870967746,15
42.941,-78.736,2016,3,39.122580645161293,9.0838709677419356,18
42.941,-78.736,2016,10,54.3516129032258,7.8000000000000007,16
42.941,-78.736,2016,5,58.70645161290323,7.6516129032258062,9
42.941,-78.736,2016,2,29.899999999999995,10.655172413793103,10
42.941,-78.736,2016,9,66.923333333333332,7.0699999999999994,12
42.941,-78.736,2016,6,68.056666666666658,8.3833333333333329,10
42.85,-73.95,2016,12,31.296428571428571,6.2821428571428575,5
42.85,-73.95,2016,8,76.096296296296288,4.1499999999999995,6
42.85,-73.95,2016,2,31.555172413793095,7.2241379310344831,4
42.85,-73.95,2016,1,28.103225806451611,6.2838709677419358,3
42.85,-73.95,2016,3,42.818518518518516,6.1999999999999993,6
42.85,-73.95,2016,7,77.1896551724138,5.4103448275862069,8
42.85,-73.95,2016,4,48.507407407407413,6.5444444444444434,5
42.85,-73.95,2016,11,44.477777777777774,6.3222222222222211,5
42.85,-73.95,2016,5,63.527586206896551,5.7379310344827585,7
42.85,-73.95,2016,6,70.589655172413813,6.3448275862068959,5
42.85,-73.95,2016,9,69.275862068965523,4.29655172413793,3
42.85,-73.95,2016,10,54.054838709677419,5.0645161290322589,6
40.639,-74.146,2016,10,58.812903225806458,0.0,0
40.639,-74.146,2016,7,78.390322580645162,0.0,0
40.639,-74.146,2016,1,34.187096774193542,0.0,0
40.639,-74.146,2016,2,37.324137931034478,0.0,0
40.639,-74.146,2016,8,79.0,0.0,0
40.639,-74.146,2016,9,71.883333333333326,0.0,0
40.639,-74.146,2016,4,52.473333333333343,0.0,0
40.639,-74.146,2016,6,71.313333333333318,0.0,0
40.639,-74.146,2016,11,49.493103448275861,0.0,0
40.639,-74.146,2016,12,38.183870967741932,0.0,0
40.639,-74.146,2016,5,61.490322580645156,0.0,0
40.639,-74.146,2016,3,47.9741935483871,0.0,0
43.338,-73.61,2016,4,44.490000000000009,5.7700000000000005,9
43.338,-73.61,2016,10,50.738709677419351,4.1000000000000005,16
43.338,-73.61,2016,2,27.42962962962963,5.5333333333333341,8
43.338,-73.61,2016,12,29.235483870967741,4.72258064516129,6
43.338,-73.61,2016,7,71.92903225806451,4.0451612903225813,12
43.338,-73.61,2016,6,67.24666666666667,5.1066666666666665,9
43.338,-73.61,2016,1,24.67407407407407,5.0851851851851864,4
43.338,-73.61,2016,9,64.182758620689654,3.8344827586206893,8
43.338,-73.61,2016,11,39.926666666666662,3.5766666666666662,13
43.338,-73.61,2016,5,58.738709677419365,4.6,15
43.338,-73.61,2016,8,71.803225806451579,3.9838709677419351,14
43.338,-73.61,2016,3,38.8516129032258,5.7322580645161292,9
42.483,-76.467,2016,3,39.587096774193547,7.8806451612903228,12
42.483,-76.467,2016,11,41.75,7.6000000000000005,14
42.483,-76.467,2016,5,56.161290322580655,5.9290322580645158,18
42.483,-76.467,2016,10,51.158064516129031,7.2548387096774194,20
42.483,-76.467,2016,2,28.565517241379315,8.86206896551724,9
42.483,-76.467,2016,8,72.219354838709663,5.5419354838709678,13
42.483,-76.467,2016,9,63.156666666666673,5.1133333333333324,10
42.483,-76.467,2016,6,65.13,6.8233333333333324,8
42.483,-76.467,2016,12,29.36451612903226,9.23225806451613,13
42.483,-76.467,2016,1,25.929032258064517,8.4903225806451577,3
42.483,-76.467,2016,7,71.254838709677443,5.6096774193548384,12
42.483,-76.467,2016,4,41.556666666666658,6.7833333333333332,13
44.65,-73.467,2016,10,49.612903225806456,5.2032258064516119,18
44.65,-73.467,2016,7,70.622580645161321,4.6161290322580646,12
44.65,-73.467,2016,12,28.132258064516126,5.4580645161290313,10
44.65,-73.467,2016,11,40.250000000000007,4.4700000000000006,13
44.65,-73.467,2016,8,70.912903225806446,4.5129032258064523,15
44.65,-73.467,2016,6,64.676666666666662,5.2299999999999995,15
44.65,-73.467,2016,3,34.406451612903226,6.6064516129032276,17
44.65,-73.467,2016,2,24.362068965517249,6.0068965517241377,9
44.65,-73.467,2016,1,23.358064516129033,5.4774193548387107,3
44.65,-73.467,2016,5,56.977419354838716,5.3516129032258064,13
44.65,-73.467,2016,9,63.226666666666674,4.5633333333333344,8
44.65,-73.467,2016,4,40.086666666666666,6.830000000000001,10
43.333,-78.717,2016,6,65.443333333333314,8.3666666666666671,0
43.333,-78.717,2016,11,46.7551724137931,10.086206896551728,0
43.333,-78.717,2016,3,39.471428571428575,10.789285714285716,0
43.333,-78.717,2016,5,55.174193548387095,6.5387096774193543,0
43.333,-78.717,2016,12,34.107142857142861,10.967857142857143,0
43.333,-78.717,2016,8,73.661290322580655,6.8000000000000007,0
43.333,-78.717,2016,4,40.716666666666661,10.286666666666667,0
43.333,-78.717,2016,7,72.1741935483871,7.9612903225806457,0
43.333,-78.717,2016,9,67.006666666666661,7.79,0
43.333,-78.717,2016,2,31.307407407407407,12.848148148148146,0
43.333,-78.717,2016,10,55.500000000000014,10.938709677419352,0
43.333,-78.717,2016,1,28.767741935483869,11.551612903225806,0
42.643,-77.056,2016,11,44.416666666666671,6.8500000000000005,12
42.643,-77.056,2016,8,74.56451612903227,5.129032258064516,13
42.643,-77.056,2016,6,67.776666666666671,5.6758620689655173,13
42.643,-77.056,2016,3,40.699999999999989,6.741935483870968,12
42.643,-77.056,2016,12,31.264516129032256,8.7838709677419367,14
42.643,-77.056,2016,4,43.096666666666657,5.873333333333334,10
42.643,-77.056,2016,1,28.593548387096778,8.30967741935484,3
42.643,-77.056,2016,10,53.5258064516129,6.241935483870968,20
42.643,-77.056,2016,9,66.1566666666667,4.5566666666666666,11
42.643,-77.056,2016,7,73.961290322580624,5.3580645161290308,12
42.643,-77.056,2016,2,29.793103448275868,7.7551724137931037,6
42.643,-77.056,2016,5,58.274193548387089,5.5548387096774192,14
40.8,-73.77,2016,10,58.251612903225805,7.2967741935483854,0
40.8,-73.77,2016,6,68.75333333333333,6.64,0
40.8,-73.77,2016,12,38.674193548387095,9.4580645161290331,0
40.8,-73.77,2016,8,77.167741935483889,6.1419354838709666,0
40.8,-73.77,2016,1,34.69166666666667,10.520833333333332,0
40.8,-73.77,2016,4,49.586666666666659,9.00666666666667,0
40.8,-73.77,2016,2,36.265517241379314,10.099999999999998,0
40.8,-73.77,2016,9,70.62,6.8566666666666647,0
40.8,-73.77,2016,7,75.91290322580646,5.5806451612903238,0
40.8,-73.77,2016,11,49.589655172413792,7.6413793103448251,0
40.8,-73.77,2016,5,58.86774193548387,5.6774193548387082,0
40.8,-73.77,2016,3,45.519354838709681,8.5,0
40.96,-72.252,2016,8,72.980645161290312,4.7387096774193562,8
40.96,-72.252,2016,12,36.467741935483872,5.8161290322580648,13
40.96,-72.252,2016,4,45.42,6.3533333333333344,13
40.96,-72.252,2016,7,72.693548387096754,4.9322580645161311,11
40.96,-72.252,2016,5,55.522580645161284,5.5129032258064505,19
40.96,-72.252,2016,11,44.845833333333331,5.5041666666666664,8
40.96,-72.252,2016,9,65.88666666666667,5.2233333333333336,11
40.96,-72.252,2016,6,64.953333333333319,5.216666666666665,8
40.96,-72.252,2016,1,33.774074074074072,7.2629629629629635,5
40.96,-72.252,2016,2,34.551724137931032,7.43448275862069,15
40.96,-72.252,2016,10,54.514285714285705,5.6,9
40.96,-72.252,2016,3,42.519354838709674,7.0096774193548388,9
44.682,-75.466,2016,9,60.170588235294119,4.2882352941176469,7
44.682,-75.466,2016,12,27.945161290322581,6.3612903225806479,13
44.682,-75.466,2016,11,39.556666666666672,4.93,12
44.682,-75.466,2016,10,49.703225806451613,4.6838709677419335,17
43.234,-75.412,2016,5,57.180645161290322,5.532258064516129,14
43.234,-75.412,2016,4,43.296666666666653,6.0433333333333339,12
43.234,-75.412,2016,6,64.923333333333346,5.5933333333333346,15
43.234,-75.412,2016,10,50.954838709677418,6.1709677419354838,18
43.234,-75.412,2016,12,28.093548387096774,7.33225806451613,12
43.234,-75.412,2016,3,38.1,6.9419354838709681,14
43.234,-75.412,2016,9,63.486666666666672,4.2033333333333331,11
43.234,-75.412,2016,8,71.735483870967741,4.72258064516129,16
43.234,-75.412,2016,1,23.91935483870968,7.2645161290322582,6
43.234,-75.412,2016,11,39.56333333333334,5.6933333333333334,15
43.234,-75.412,2016,7,71.01290322580644,4.9225806451612906,14
43.234,-75.412,2016,2,26.668965517241382,7.10344827586207,9
44.05,-75.733,2016,3,35.767741935483862,8.0870967741935491,16
44.05,-75.733,2016,11,40.853333333333332,7.25,16
44.05,-75.733,2016,12,27.912903225806453,8.8129032258064512,15
44.05,-75.733,2016,9,63.449999999999996,6.4299999999999979,12
44.05,-75.733,2016,4,41.06333333333334,7.8233333333333333,12
44.05,-75.733,2016,2,23.875862068965521,8.5275862068965527,14
44.05,-75.733,2016,1,23.12903225806452,8.5516129032258057,10
44.05,-75.733,2016,6,65.283333333333331,6.91,13
44.05,-75.733,2016,8,72.629032258064527,6.8451612903225811,18
44.05,-75.733,2016,5,57.706451612903223,6.90967741935484,19
44.05,-75.733,2016,10,50.264516129032266,6.9870967741935477,19
44.05,-75.733,2016,7,72.029032258064518,6.9645161290322575,16
42.15,-79.25,2017,4,50.923333333333332,7.5966666666666667,5
42.15,-79.25,2017,6,63.913333333333334,7.1766666666666667,6
42.15,-79.25,2017,3,31.806451612903228,8.9967741935483865,0
42.15,-79.25,2017,10,53.890322580645176,7.88709677419355,17
42.15,-79.25,2017,12,26.877777777777784,8.9999999999999964,6
42.15,-79.25,2017,1,29.370967741935488,8.064516129032258,0
42.15,-79.25,2017,5,53.71612903225806,7.4483870967741925,2
42.15,-79.25,2017,8,64.583870967741944,5.7354838709677427,11
42.15,-79.25,2017,9,62.375000000000007,4.7642857142857142,8
42.15,-79.25,2017,2,33.135714285714286,8.67857142857143,0
42.15,-79.25,2017,7,67.800000000000011,5.9645161290322566,2
42.15,-79.25,2017,11,36.883333333333333,8.3399999999999981,18
42.159,-76.892,2017,11,39.38,5.0399999999999991,14
42.159,-76.892,2017,5,56.980645161290319,5.467741935483871,19
42.159,-76.892,2017,2,35.153571428571432,6.0749999999999993,9
42.159,-76.892,2017,12,27.85161290322581,5.5870967741935482,6
42.159,-76.892,2017,3,33.380645161290332,6.9741935483870972,10
42.159,-76.892,2017,8,66.6290322580645,3.5677419354838715,12
42.159,-76.892,2017,10,55.935483870967737,4.8032258064516133,14
42.159,-76.892,2017,7,70.306451612903217,3.9129032258064518,16
42.159,-76.892,2017,6,66.496666666666655,4.8400000000000007,15
42.159,-76.892,2017,9,63.356666666666669,3.3099999999999996,12
42.159,-76.892,2017,4,52.5,5.3066666666666675,15
42.159,-76.892,2017,1,31.283870967741944,5.0419354838709669,12
43.067,-79.017,2017,5,55.096774193548391,0.0,0
43.067,-79.017,2017,2,33.775,0.0,0
43.067,-79.017,2017,7,71.122580645161293,0.0,0
43.067,-79.017,2017,1,30.830000000000002,0.0,0
43.067,-79.017,2017,3,32.854838709677409,0.0,0
43.067,-79.017,2017,11,41.168965517241389,0.0,0
43.067,-79.017,2017,8,69.403225806451644,0.0,0
43.067,-79.017,2017,4,49.069999999999993,0.0,0
43.067,-79.017,2017,9,65.949999999999974,0.0,0
43.067,-79.017,2017,10,58.406451612903233,0.0,0
43.067,-79.017,2017,6,66.603333333333353,0.0,0
43.067,-79.017,2017,12,27.283870967741933,0.0,0
42.571,-77.713,2017,7,71.08064516129032,4.5354838709677425,12
42.571,-77.713,2017,12,26.851612903225803,5.2354838709677409,4
42.571,-77.713,2017,5,57.038709677419362,5.9451612903225808,21
42.571,-77.713,2017,2,35.885714285714286,6.2107142857142854,8
42.571,-77.713,2017,6,67.66,5.2833333333333323,17
42.571,-77.713,2017,11,40.333333333333321,6.45,14
42.571,-77.713,2017,1,31.8,5.6064516129032267,12
42.571,-77.713,2017,9,64.243333333333339,4.4366666666666656,7
42.571,-77.713,2017,8,67.9225806451613,5.0419354838709678,11
42.571,-77.713,2017,3,33.638709677419349,7.7838709677419358,11
42.571,-77.713,2017,10,57.20322580645162,6.04516129032258,14
42.571,-77.713,2017,4,52.773333333333333,6.5933333333333328,15
43.117,-77.677,2017,11,40.629999999999995,8.3033333333333328,16
43.117,-77.677,2017,7,71.158064516129031,5.967741935483871,15
43.117,-77.677,2017,8,68.493548387096766,6.2903225806451628,15
43.117,-77.677,2017,3,33.287096774193557,9.7387096774193562,12
43.117,-77.677,2017,1,31.6483870967742,8.93225806451613,16
43.117,-77.677,2017,9,64.8633333333333,5.2266666666666666,9
43.117,-77.677,2017,6,67.63000000000001,7.49,20
43.117,-77.677,2017,5,56.893548387096786,7.8677419354838705,18
43.117,-77.677,2017,2,35.071428571428569,9.4285714285714288,9
43.117,-77.677,2017,12,26.877419354838707,8.4580645161290331,6
43.117,-77.677,2017,4,51.863333333333344,8.586666666666666,16
43.117,-77.677,2017,10,57.4225806451613,7.8483870967741938,15
42.207,-75.98,2017,11,36.656666666666659,7.7333333333333334,14
42.207,-75.98,2017,12,24.080645161290327,7.4806451612903251,7
42.207,-75.98,2017,5,53.554838709677419,7.3161290322580648,22
42.207,-75.98,2017,1,27.58387096774193,7.7064516129032246,12
42.207,-75.98,2017,3,28.758064516129025,9.02258064516129,12
42.207,-75.98,2017,4,49.946666666666665,7.7499999999999991,16
42.207,-75.98,2017,9,61.523333333333333,5.3133333333333344,11
42.207,-75.98,2017,2,31.646428571428565,8.275,6
42.207,-75.98,2017,6,63.806666666666665,6.7366666666666672,22
42.207,-75.98,2017,8,64.338709677419331,5.3774193548387075,18
42.207,-75.98,2017,7,67.558064516129036,5.4322580645161285,17
42.207,-75.98,2017,10,54.716129032258067,7.0741935483870959,10
41.509,-74.265,2017,8,69.177419354838733,3.3,16
41.509,-74.265,2017,11,39.156666666666666,4.4733333333333318,12
41.509,-74.265,2017,2,35.849999999999994,6.45,8
41.509,-74.265,2017,9,64.548275862068976,3.5310344827586206,16
41.509,-74.265,2017,1,33.63225806451613,6.05483870967742,15
41.509,-74.265,2017,7,72.035483870967738,4.1419354838709683,15
41.509,-74.265,2017,12,28.190322580645162,5.0451612903225795,7
41.509,-74.265,2017,5,58.483870967741936,5.4193548387096788,13
41.509,-74.265,2017,10,57.774193548387089,4.7935483870967746,16
41.509,-74.265,2017,4,54.276666666666664,6.1599999999999993,16
41.509,-74.265,2017,6,68.373333333333335,5.133333333333332,15
41.509,-74.265,2017,3,33.919354838709673,6.87096774193548,12
43.111,-76.104,2017,1,30.006451612903227,8.9838709677419342,17
43.111,-76.104,2017,10,56.680645161290315,7.1451612903225818,19
43.111,-76.104,2017,11,38.570000000000007,8.27,16
43.111,-76.104,2017,4,50.856666666666669,7.7033333333333323,17
43.111,-76.104,2017,12,24.938709677419357,8.36774193548387,6
43.111,-76.104,2017,2,32.846428571428575,9.110714285714284,8
43.111,-76.104,2017,8,68.1225806451613,5.8967741935483868,13
43.111,-76.104,2017,7,70.174193548387109,5.338709677419355,15
43.111,-76.104,2017,3,30.212903225806453,9.0677419354838733,11
43.111,-76.104,2017,5,55.574193548387093,6.993548387096773,21
43.111,-76.104,2017,6,66.259999999999991,6.8199999999999994,22
43.111,-76.104,2017,9,63.806666666666658,4.3400000000000007,10
42.683,-79.05,2017,9,64.67,0.0,0
42.683,-79.05,2017,11,41.472413793103449,0.0,0
42.683,-79.05,2017,12,28.725806451612907,0.0,0
42.683,-79.05,2017,6,65.806666666666658,0.0,0
42.683,-79.05,2017,3,33.161290322580641,0.0,0
42.683,-79.05,2017,4,48.776666666666664,0.0,0
42.683,-79.05,2017,2,34.039285714285711,0.0,0
42.683,-79.05,2017,8,68.803225806451607,0.0,0
42.683,-79.05,2017,5,54.041935483870972,0.0,0
42.683,-79.05,2017,7,70.467741935483886,0.0,0
42.683,-79.05,2017,10,58.016129032258064,0.0,0
42.683,-79.05,2017,1,31.18,0.0,0
40.701,-74.014,2017,8,73.932258064516134,0.0,0
40.701,-74.014,2017,4,54.806666666666665,0.0,0
40.701,-74.014,2017,1,37.459999999999994,0.0,0
40.701,-74.014,2017,3,38.706451612903223,0.0,0
40.701,-74.014,2017,12,35.832258064516139,0.0,0
40.701,-74.014,2017,5,60.148387096774194,0.0,0
40.701,-74.014,2017,2,40.539285714285711,0.0,0
40.701,-74.014,2017,6,71.276666666666685,0.0,0
40.701,-74.014,2017,9,70.094117647058809,0.0,0
40.701,-74.014,2017,11,47.644827586206908,0.0,0
40.701,-74.014,2017,10,64.06451612903227,0.0,0
40.701,-74.014,2017,7,75.996774193548376,0.0,0
42.44,-76.246,2017,2,31.599999999999991,,0
42.44,-76.246,2017,7,67.241935483870989,,0
42.44,-76.246,2017,10,51.75,,0
42.44,-76.246,2017,4,49.653333333333336,,0
42.44,-76.246,2017,5,53.716129032258053,,0
42.44,-76.246,2017,6,63.539999999999985,,0
42.44,-76.246,2017,3,28.822580645161288,,0
42.44,-76.246,2017,9,59.986666666666665,,0
42.44,-76.246,2017,8,63.596774193548384,,0
42.44,-76.246,2017,1,28.125806451612906,,0
42.241,-78.371,2017,8,61.775,3.7656249999999996,17
42.241,-78.371,2017,7,65.0258064516129,3.9451612903225808,16
42.241,-78.371,2017,11,33.659375,5.7875,16
42.241,-78.371,2017,6,61.000000000000007,5.1633333333333331,21
42.241,-78.371,2017,3,24.810000000000002,7.044999999999999,5
42.241,-78.371,2017,9,58.254838709677415,3.306451612903226,12
42.241,-78.371,2017,12,22.361290322580643,5.274193548387097,4
42.241,-78.371,2017,1,26.667741935483878,5.6483870967741945,9
42.241,-78.371,2017,5,55.352173913043487,5.9608695652173909,12
42.241,-78.371,2017,10,51.705882352941174,6.1882352941176464,18
42.241,-78.371,2017,2,31.049999999999997,6.4785714285714278,8
43.267,-79.067,2017,3,33.819354838709685,10.29032258064516,0
43.267,-79.067,2017,1,31.523333333333326,8.6466666666666647,0
43.267,-79.067,2017,9,66.086666666666687,5.8,0
43.267,-79.067,2017,10,59.393548387096779,8.3741935483870957,0
43.267,-79.067,2017,8,70.1806451612903,6.6516129032258071,0
43.267,-79.067,2017,4,48.12,8.1133333333333315,0
43.267,-79.067,2017,11,42.766666666666666,10.293333333333331,0
43.267,-79.067,2017,12,28.545161290322582,9.95483870967742,0
43.267,-79.067,2017,5,54.50967741935483,7.5580645161290292,0
43.267,-79.067,2017,6,66.776666666666642,6.8233333333333333,0
43.267,-79.067,2017,7,71.3064516129032,5.52258064516129,0
43.267,-79.067,2017,2,33.903571428571418,9.475,0
42.747,-73.799,2017,7,71.196774193548393,4.790322580645161,15
42.747,-73.799,2017,10,58.0774193548387,5.9290322580645149,13
42.747,-73.799,2017,11,39.706666666666678,7.9133333333333331,14
42.747,-73.799,2017,3,31.970967741935482,9.312903225806453,10
42.747,-73.799,2017,2,33.932142857142843,8.0285714285714285,8
42.747,-73.799,2017,12,25.983870967741939,6.4096774193548391,8
42.747,-73.799,2017,1,31.435483870967744,6.9967741935483883,13
42.747,-73.799,2017,8,69.3225806451613,4.8935483870967751,11
42.747,-73.799,2017,9,65.363333333333344,4.0133333333333328,8
42.747,-73.799,2017,5,57.5967741935484,6.806451612903226,21
42.747,-73.799,2017,4,52.683333333333344,7.3666666666666671,20
42.747,-73.799,2017,6,67.809999999999988,6.3033333333333328,17
44.703,-75.495,2017,11,36.593103448275855,0.0,0
44.703,-75.495,2017,5,53.819354838709664,0.0,0
44.703,-75.495,2017,9,64.11999999999999,0.0,0
44.703,-75.495,2017,10,56.3774193548387,0.0,0
44.703,-75.495,2017,1,27.090000000000003,0.0,0
44.703,-75.495,2017,6,64.526666666666657,0.0,0
44.703,-75.495,2017,2,27.396428571428572,0.0,0
44.703,-75.495,2017,12,20.07096774193549,0.0,0
44.703,-75.495,2017,3,26.487096774193546,0.0,0
44.703,-75.495,2017,7,68.819354838709643,0.0,0
44.703,-75.495,2017,8,67.7516129032258,0.0,0
44.703,-75.495,2017,4,45.823333333333352,0.0,0
40.794,-73.102,2017,9,68.509999999999991,7.7166666666666677,9
40.794,-73.102,2017,10,61.787096774193557,7.5870967741935482,11
40.794,-73.102,2017,4,52.833333333333336,8.58333333333333,14
40.794,-73.102,2017,12,34.464516129032248,7.9387096774193564,9
40.794,-73.102,2017,3,37.07741935483871,11.306451612903226,10
40.794,-73.102,2017,5,58.4258064516129,8.8806451612903246,14
40.794,-73.102,2017,11,46.356666666666655,8.0366666666666653,11
40.794,-73.102,2017,6,68.796666666666667,7.5900000000000016,14
40.794,-73.102,2017,1,36.341935483870969,8.5935483870967762,14
40.794,-73.102,2017,7,74.645161290322577,6.9903225806451612,14
40.794,-73.102,2017,2,38.453571428571436,8.7178571428571452,9
40.794,-73.102,2017,8,72.609677419354824,6.4,10
41.073,-71.923,2017,5,56.4258064516129,5.8,0
41.073,-71.923,2017,9,67.609999999999985,5.8333333333333339,0
41.073,-71.923,2017,6,66.7,5.3000000000000007,0
41.073,-71.923,2017,2,40.57692307692308,7.3153846153846134,0
41.073,-71.923,2017,7,72.506451612903234,4.4258064516129032,0
41.073,-71.923,2017,10,62.483870967741936,6.08709677419355,0
41.073,-71.923,2017,4,50.226666666666674,6.3900000000000015,0
41.073,-71.923,2017,11,48.586666666666666,7.4366666666666665,0
41.073,-71.923,2017,8,71.367741935483849,4.0677419354838706,0
41.073,-71.923,2017,12,37.409677419354836,8.7516129032258068,0
41.073,-71.923,2017,1,37.970967741935482,8.0903225806451591,0
41.073,-71.923,2017,3,36.9225806451613,9.4612903225806466,0
40.639,-73.762,2017,1,38.464516129032269,10.883870967741936,14
40.639,-73.762,2017,10,62.883870967741935,9.9064516129032256,14
40.639,-73.762,2017,2,40.192857142857136,10.657142857142857,8
40.639,-73.762,2017,6,70.690000000000012,9.2300000000000022,13
40.639,-73.762,2017,7,76.090322580645193,8.43548387096774,12
40.639,-73.762,2017,5,60.167741935483868,10.1,16
40.639,-73.762,2017,3,39.216129032258074,12.799999999999999,13
40.639,-73.762,2017,9,70.220000000000013,9.06,10
40.639,-73.762,2017,12,35.41935483870968,10.954838709677418,8
40.639,-73.762,2017,11,46.756666666666675,10.113333333333332,11
40.639,-73.762,2017,8,74.109677419354838,8.122580645161289,12
40.639,-73.762,2017,4,54.460000000000015,9.8399999999999963,16
40.822,-72.869,2017,1,35.754838709677408,6.5366666666666662,16
40.822,-72.869,2017,8,72.574193548387115,5.0,11
40.822,-72.869,2017,5,57.687096774193556,6.94516129032258,16
40.822,-72.869,2017,7,74.345161290322565,5.2548387096774194,10
40.822,-72.869,2017,12,34.122580645161293,6.6096774193548375,10
40.822,-72.869,2017,10,63.161290322580641,6.22258064516129,13
40.822,-72.869,2017,4,51.61666666666666,6.7500000000000009,12
40.822,-72.869,2017,9,69.229999999999976,5.8533333333333326,9
40.822,-72.869,2017,2,37.9,7.2035714285714292,10
40.822,-72.869,2017,11,47.18666666666666,6.4866666666666655,11
40.822,-72.869,2017,3,36.403225806451616,9.2290322580645174,10
40.822,-72.869,2017,6,67.936666666666639,6.2100000000000009,13
43.25,-77.583,2017,3,33.325806451612905,13.083870967741936,0
43.25,-77.583,2017,6,66.456666666666678,8.259999999999998,0
43.25,-77.583,2017,12,28.158064516129031,10.458064516129031,0
43.25,-77.583,2017,9,65.3733333333333,6.6300000000000008,0
43.25,-77.583,2017,11,42.07,10.956666666666669,0
43.25,-77.583,2017,2,34.553571428571445,10.717857142857143,0
43.25,-77.583,2017,10,58.770967741935486,9.9967741935483883,0
43.25,-77.583,2017,7,70.690322580645145,7.3064516129032269,0
43.25,-77.583,2017,4,49.343333333333334,10.736666666666665,0
43.25,-77.583,2017,8,69.500000000000014,7.8967741935483868,0
43.25,-77.583,2017,5,54.635483870967747,9.0322580645161281,0
43.25,-77.583,2017,1,31.913333333333334,10.35,0
41.067,-73.708,2017,4,53.566666666666663,7.42,17
41.067,-73.708,2017,11,43.37,7.2700000000000014,10
41.067,-73.708,2017,7,73.8967741935484,5.0612903225806454,13
41.067,-73.708,2017,10,61.103225806451611,6.0709677419354851,13
41.067,-73.708,2017,12,31.738709677419351,7.122580645161289,8
41.067,-73.708,2017,3,36.025806451612894,10.229032258064519,11
41.067,-73.708,2017,6,69.313333333333318,5.6466666666666674,14
41.067,-73.708,2017,5,58.619354838709668,7.2387096774193544,16
41.067,-73.708,2017,1,35.406451612903226,7.2032258064516128,13
41.067,-73.708,2017,2,37.599999999999994,8.1035714285714278,9
41.067,-73.708,2017,9,67.416666666666671,6.203333333333334,9
41.067,-73.708,2017,8,71.235483870967741,5.0129032258064532,10
41.5,-74.1,2017,8,69.877419354838707,3.9967741935483865,7
41.5,-74.1,2017,7,72.6741935483871,5.129032258064516,9
41.5,-74.1,2017,9,65.95,4.4433333333333342,6
41.5,-74.1,2017,2,36.182142857142857,7.5142857142857151,6
41.5,-74.1,2017,12,28.909677419354839,5.8741935483870966,7
41.5,-74.1,2017,11,40.81,5.7566666666666668,9
41.5,-74.1,2017,4,54.119999999999983,7.29,13
41.5,-74.1,2017,1,33.203225806451613,7.1,11
41.5,-74.1,2017,6,68.8,6.2966666666666669,11
41.5,-74.1,2017,5,58.209677419354847,7.08709677419355,10
41.5,-74.1,2017,10,59.470967741935482,5.8612903225806452,8
41.5,-74.1,2017,3,33.787096774193543,8.7774193548387078,8
44.385,-74.207,2017,6,59.769999999999982,5.42,17
44.385,-74.207,2017,3,21.112903225806456,5.4903225806451621,9
44.385,-74.207,2017,5,50.061290322580646,5.1096774193548375,18
44.385,-74.207,2017,8,59.974193548387092,3.8161290322580648,15
44.385,-74.207,2017,1,22.445161290322581,5.9774193548387107,8
44.385,-74.207,2017,4,43.926666666666662,5.6166666666666671,17
44.385,-74.207,2017,9,56.673333333333318,2.9099999999999997,9
44.385,-74.207,2017,11,30.743333333333329,5.6366666666666658,12
44.385,-74.207,2017,2,24.428571428571438,5.9178571428571427,6
44.385,-74.207,2017,7,62.809677419354848,4.3225806451612918,14
44.385,-74.207,2017,10,50.4483870967742,5.9225806451612906,15
44.385,-74.207,2017,12,15.312903225806448,4.9741935483870963,5
43.35,-76.385,2017,11,39.513333333333328,7.1566666666666663,17
43.35,-76.385,2017,10,57.077419354838717,5.8,18
43.35,-76.385,2017,5,55.654838709677406,5.651612903225808,21
43.35,-76.385,2017,2,33.010714285714286,7.8571428571428568,7
43.35,-76.385,2017,9,63.36,3.2133333333333334,9
43.35,-76.385,2017,8,67.525806451612922,3.8161290322580648,12
43.35,-76.385,2017,12,25.529032258064518,6.7161290322580642,7
43.35,-76.385,2017,6,65.456666666666678,5.083333333333333,17
43.35,-76.385,2017,4,50.436666666666667,6.8000000000000007,17
43.35,-76.385,2017,1,30.42580645161291,7.34516129032258,16
43.35,-76.385,2017,7,69.748387096774181,3.8870967741935485,15
43.35,-76.385,2017,3,30.72903225806451,8.4774193548387125,12
43.267,-77.617,2017,2,34.33214285714287,0.0,0
43.267,-77.617,2017,6,66.036666666666648,0.0,0
43.267,-77.617,2017,3,33.080645161290313,0.0,0
43.267,-77.617,2017,5,54.338709677419352,0.0,0
43.267,-77.617,2017,8,68.767741935483869,0.0,0
43.267,-77.617,2017,10,57.861290322580643,0.0,0
43.267,-77.617,2017,12,27.593548387096774,0.0,0
43.267,-77.617,2017,11,41.362068965517246,0.0,0
43.267,-77.617,2017,9,64.316666666666677,0.0,0
43.267,-77.617,2017,4,48.756666666666661,0.0,0
43.267,-77.617,2017,1,31.283333333333346,0.0,0
43.267,-77.617,2017,7,70.122580645161293,0.0,0
41.786,-73.742,2017,9,63.476666666666667,,0
41.786,-73.742,2017,10,57.3,,0
41.786,-73.742,2017,2,35.003571428571433,,0
41.786,-73.742,2017,4,52.596666666666664,,0
41.786,-73.742,2017,5,56.445161290322581,,0
41.786,-73.742,2017,1,32.183870967741932,,0
41.786,-73.742,2017,7,69.764516129032259,,0
41.786,-73.742,2017,3,32.393548387096772,,0
41.786,-73.742,2017,8,67.045161290322582,,0
41.786,-73.742,2017,6,66.023333333333355,,0
42.109,-77.992,2017,10,56.041935483870965,7.5290322580645155,15
42.109,-77.992,2017,8,66.00967741935483,5.5451612903225795,10
42.109,-77.992,2017,6,64.929999999999978,7.1166666666666663,20
42.109,-77.992,2017,9,62.246666666666655,4.3199999999999994,11
42.109,-77.992,2017,2,34.8,9.65357142857143,7
42.109,-77.992,2017,3,31.519354838709678,9.6806451612903253,12
42.109,-77.992,2017,4,52.036666666666669,8.0200000000000014,17
42.109,-77.992,2017,11,38.703333333333333,8.19,15
42.109,-77.992,2017,12,25.854838709677423,8.1258064516129043,5
42.109,-77.992,2017,7,69.032258064516142,5.7354838709677427,16
42.109,-77.992,2017,1,30.238709677419362,8.0709677419354833,16
42.109,-77.992,2017,5,55.35,7.870000000000001,21
43.108,-78.938,2017,5,57.509677419354837,9.006451612903227,16
43.108,-78.938,2017,12,27.416129032258059,9.93548387096774,5
43.108,-78.938,2017,2,35.175,10.671428571428571,10
43.108,-78.938,2017,3,34.277419354838713,10.519354838709676,5
43.108,-78.938,2017,4,51.290000000000006,9.4,15
43.108,-78.938,2017,6,68.796666666666681,8.6866666666666674,17
43.108,-78.938,2017,10,58.532258064516135,8.4548387096774213,16
43.108,-78.938,2017,8,70.229032258064521,6.54516129032258,13
43.108,-78.938,2017,9,66.740000000000023,4.9233333333333338,10
43.108,-78.938,2017,11,41.673333333333339,9.4733333333333327,14
43.108,-78.938,2017,1,31.925806451612907,9.8516129032258046,13
43.108,-78.938,2017,7,72.522580645161284,6.47741935483871,14
41.701,-74.795,2017,11,36.663333333333334,5.7833333333333323,15
41.701,-74.795,2017,4,49.341379310344834,6.772413793103448,1
41.701,-74.795,2017,3,29.78709677419355,8.4709677419354819,0
41.701,-74.795,2017,7,67.954545454545467,3.5090909090909088,2
41.701,-74.795,2017,9,62.290000000000028,4.3633333333333351,11
41.701,-74.795,2017,8,65.181818181818187,4.209090909090909,10
41.701,-74.795,2017,12,24.203571428571426,6.1321428571428589,6
41.701,-74.795,2017,6,64.080000000000013,4.5266666666666673,3
41.701,-74.795,2017,2,32.155555555555551,6.3666666666666654,2
41.701,-74.795,2017,1,28.838709677419349,6.161290322580645,0
41.701,-74.795,2017,5,53.745161290322585,6.2645161290322591,0
41.701,-74.795,2017,10,54.970967741935489,5.5806451612903238,9
40.701,-74.009,2017,7,77.464516129032248,5.6645161290322585,11
40.701,-74.009,2017,11,49.426666666666669,6.1666666666666661,9
40.701,-74.009,2017,8,75.535483870967752,5.12258064516129,13
40.701,-74.009,2017,4,55.839999999999996,6.4033333333333315,13
40.701,-74.009,2017,2,41.939285714285717,5.7785714285714267,10
40.701,-74.009,2017,3,40.429032258064517,6.6999999999999993,13
40.701,-74.009,2017,5,61.467741935483858,6.8774193548387093,16
40.701,-74.009,2017,6,71.600000000000023,6.0375000000000005,9
40.701,-74.009,2017,10,65.59032258064515,6.4096774193548383,9
40.701,-74.009,2017,1,39.054838709677419,7.6096774193548384,6
40.701,-74.009,2017,9,71.88,5.3133333333333344,6
40.701,-74.009,2017,12,37.570967741935476,6.84516129032258,11
40.844,-72.632,2017,9,66.223333333333343,6.8566666666666665,10
40.844,-72.632,2017,3,35.6,10.258064516129036,10
40.844,-72.632,2017,2,36.796428571428571,7.7821428571428566,8
40.844,-72.632,2017,6,66.126666666666665,6.5733333333333324,14
40.844,-72.632,2017,11,45.263333333333343,7.41,12
40.844,-72.632,2017,4,50.33,7.379999999999999,13
40.844,-72.632,2017,10,59.429032258064524,6.7193548387096769,12
40.844,-72.632,2017,7,72.161290322580641,5.6354838709677431,11
40.844,-72.632,2017,12,32.606451612903221,7.1066666666666674,10
40.844,-72.632,2017,8,69.738709677419351,5.032258064516129,10
40.844,-72.632,2017,1,35.154838709677406,7.6774193548387109,12
40.844,-72.632,2017,5,56.251612903225812,7.4483870967741952,16
41.626,-73.882,2017,6,68.11,4.2366666666666672,12
41.626,-73.882,2017,7,72.112903225806448,3.3258064516129031,12
41.626,-73.882,2017,11,40.253333333333323,4.213333333333332,9
41.626,-73.882,2017,4,53.213333333333331,4.7133333333333338,14
41.626,-73.882,2017,12,28.674193548387098,4.02258064516129,7
41.626,-73.882,2017,8,69.309677419354827,2.6548387096774198,9
41.626,-73.882,2017,5,57.983870967741936,4.6161290322580637,12
41.626,-73.882,2017,3,33.164516129032265,6.274193548387097,8
41.626,-73.882,2017,1,32.516129032258064,4.5935483870967726,10
41.626,-73.882,2017,2,35.014285714285705,5.275,6
41.626,-73.882,2017,10,58.445161290322581,3.6806451612903226,8
41.626,-73.882,2017,9,65.166666666666643,3.2033333333333327,6
44.936,-74.846,2017,10,55.241935483870968,6.9193548387096779,13
44.936,-74.846,2017,3,24.977419354838709,7.9709677419354836,9
44.936,-74.846,2017,5,55.20322580645162,7.3193548387096783,20
44.936,-74.846,2017,6,64.866666666666646,6.9133333333333349,18
44.936,-74.846,2017,8,66.7516129032258,5.1322580645161295,15
44.936,-74.846,2017,11,35.236666666666672,7.01,15
44.936,-74.846,2017,12,19.225806451612897,6.8709677419354822,5
44.936,-74.846,2017,1,26.145161290322573,7.7032258064516146,12
44.936,-74.846,2017,9,62.77,4.0433333333333339,8
44.936,-74.846,2017,4,47.293333333333329,8.58,18
44.936,-74.846,2017,2,26.285714285714288,8.1142857142857139,8
44.936,-74.846,2017,7,68.493548387096752,5.8709677419354822,17
40.734,-73.417,2017,2,39.053571428571423,7.6892857142857141,7
40.734,-73.417,2017,12,34.590322580645172,7.5,6
40.734,-73.417,2017,11,46.426666666666662,7.42,8
40.734,-73.417,2017,4,53.313333333333333,8.2099999999999991,10
40.734,-73.417,2017,5,58.725806451612904,8.425806451612905,12
40.734,-73.417,2017,1,37.067741935483866,8.0290322580645164,13
40.734,-73.417,2017,7,74.645161290322577,6.7387096774193544,11
40.734,-73.417,2017,6,69.23,7.4899999999999993,12
40.734,-73.417,2017,8,72.661290322580655,6.4032258064516112,12
40.734,-73.417,2017,3,37.709677419354833,9.96451612903226,10
40.734,-73.417,2017,10,62.13225806451613,7.6000000000000014,11
40.734,-73.417,2017,9,68.676666666666691,7.1433333333333326,7
42.017,-73.917,2017,10,53.25925925925926,0.0,0
42.017,-73.917,2017,12,29.667741935483864,0.0,0
42.017,-73.917,2017,9,71.763333333333321,0.0,0
42.017,-73.917,2017,8,70.67741935483869,0.0,0
42.017,-73.917,2017,11,41.78,0.0,0
42.017,-73.917,2017,2,36.685714285714276,0.0,0
42.017,-73.917,2017,4,54.163333333333327,0.0,0
42.017,-73.917,2017,5,58.545161290322568,0.0,0
42.017,-73.917,2017,1,33.309999999999995,0.0,0
42.017,-73.917,2017,7,73.296774193548387,0.0,0
42.017,-73.917,2017,3,34.358064516129041,0.0,0
42.017,-73.917,2017,6,68.909999999999982,0.0,0
41.05,-71.97,2017,5,55.170967741935485,0.0,0
41.05,-71.97,2017,4,50.827272727272728,0.0,0
41.05,-71.97,2017,11,48.813793103448283,0.0,0
41.05,-71.97,2017,6,65.066666666666634,0.0,0
41.05,-71.97,2017,3,35.710714285714282,0.0,0
41.05,-71.97,2017,1,37.623333333333335,0.0,0
41.05,-71.97,2017,10,62.351612903225806,0.0,0
41.05,-71.97,2017,2,38.714285714285708,0.0,0
41.05,-71.97,2017,9,66.76333333333335,0.0,0
41.05,-71.97,2017,7,70.42307692307692,0.0,0
41.05,-71.97,2017,8,70.396774193548382,0.0,0
41.05,-71.97,2017,12,36.545161290322575,0.0,0
40.779,-73.88,2017,11,48.113333333333344,9.5033333333333321,12
40.779,-73.88,2017,7,77.658064516129045,7.7451612903225806,15
40.779,-73.88,2017,3,40.648387096774194,12.054838709677421,12
40.779,-73.88,2017,6,73.383333333333326,8.66,14
40.779,-73.88,2017,1,39.474193548387092,10.606451612903227,14
40.779,-73.88,2017,9,71.026666666666671,8.32,7
40.779,-73.88,2017,2,42.274999999999991,10.753571428571426,7
40.779,-73.88,2017,4,57.006666666666661,9.4866666666666681,15
40.779,-73.88,2017,10,65.022580645161284,8.7935483870967737,13
40.779,-73.88,2017,8,75.116129032258058,7.6064516129032258,12
40.779,-73.88,2017,12,36.312903225806437,10.370967741935486,9
40.779,-73.88,2017,5,62.793548387096777,9.8129032258064512,15
40.779,-73.969,2017,3,38.86451612903226,6.4258064516129032,9
40.779,-73.969,2017,11,46.939999999999991,4.5433333333333321,9
40.779,-73.969,2017,1,37.745161290322571,5.935483870967742,13
40.779,-73.969,2017,12,35.345161290322586,5.2774193548387087,7
40.779,-73.969,2017,4,56.25,5.1733333333333338,13
40.779,-73.969,2017,7,76.43225806451612,3.3741935483870966,11
40.779,-73.969,2017,6,72.059999999999988,3.6066666666666665,12
40.779,-73.969,2017,2,41.232142857142861,5.8,6
40.779,-73.969,2017,10,63.806451612903231,3.9322580645161289,10
40.779,-73.969,2017,5,60.638709677419364,4.4516129032258061,13
40.779,-73.969,2017,9,70.13,3.61,6
40.779,-73.969,2017,8,73.683870967741925,2.9580645161290318,11
43.992,-76.022,2017,8,67.051612903225788,5.2064516129032254,10
43.992,-76.022,2017,1,28.258064516129032,7.8999999999999986,14
43.992,-76.022,2017,2,30.528571428571432,7.9607142857142845,7
43.992,-76.022,2017,10,55.58709677419354,6.9064516129032247,16
43.992,-76.022,2017,3,28.06451612903226,7.9645161290322557,11
43.992,-76.022,2017,12,20.770967741935475,7.3903225806451616,7
43.992,-76.022,2017,6,64.563333333333333,6.3733333333333331,17
43.992,-76.022,2017,7,68.725806451612911,5.4709677419354836,18
43.992,-76.022,2017,4,48.193333333333342,7.7266666666666675,15
43.992,-76.022,2017,9,61.743333333333332,3.96,8
43.992,-76.022,2017,5,54.516129032258078,6.3096774193548395,20
43.992,-76.022,2017,11,37.723333333333329,7.4399999999999995,15
42.493,-79.272,2017,6,67.009999999999991,8.120000000000001,19
42.493,-79.272,2017,10,57.061290322580646,8.6000000000000032,17
42.493,-79.272,2017,3,34.067741935483888,9.4935483870967747,13
42.493,-79.272,2017,11,41.303333333333342,9.7633333333333354,20
42.493,-79.272,2017,9,62.829999999999991,5.036666666666668,11
42.493,-79.272,2017,12,27.800000000000004,9.9225806451612932,8
42.493,-79.272,2017,5,56.306666666666658,8.2233333333333327,20
42.493,-79.272,2017,2,35.453571428571429,9.7214285714285715,9
42.493,-79.272,2017,8,68.461290322580638,6.6354838709677422,12
42.493,-79.272,2017,4,51.043333333333322,8.29,16
42.493,-79.272,2017,1,31.71612903225806,9.4161290322580626,16
42.493,-79.272,2017,7,70.529032258064518,6.4806451612903224,10
42.941,-78.736,2017,10,57.051612903225795,8.6709677419354829,18
42.941,-78.736,2017,5,55.954838709677418,9.0903225806451644,20
42.941,-78.736,2017,8,68.658064516129031,7.3161290322580648,14
42.941,-78.736,2017,11,40.243333333333332,9.379999999999999,17
42.941,-78.736,2017,7,70.99677419354839,7.1483870967741936,17
42.941,-78.736,2017,12,26.222580645161294,9.3709677419354858,6
42.941,-78.736,2017,9,65.163333333333313,5.7733333333333325,6
42.941,-78.736,2017,1,30.94193548387096,9.7193548387096769,16
42.941,-78.736,2017,4,50.636666666666677,9.3033333333333363,18
42.941,-78.736,2017,6,67.379999999999981,9.3,20
42.941,-78.736,2017,2,34.128571428571426,10.496428571428572,10
42.941,-78.736,2017,3,33.264516129032259,10.11290322580645,11
42.85,-73.95,2017,1,31.623333333333328,6.3133333333333344,8
42.85,-73.95,2017,11,41.124137931034483,6.5413793103448281,6
42.85,-73.95,2017,10,59.936666666666667,5.6733333333333338,7
42.85,-73.95,2017,2,35.296428571428571,7.0642857142857149,4
42.85,-73.95,2017,5,60.61,7.0111111111111111,6
42.85,-73.95,2017,4,54.433333333333337,7.333333333333333,9
42.85,-73.95,2017,7,73.685185185185162,4.8629629629629623,3
42.85,-73.95,2017,3,33.813333333333325,8.5300000000000011,8
42.85,-73.95,2017,12,26.599999999999994,6.293333333333333,5
42.85,-73.95,2017,9,68.953333333333333,3.6266666666666674,4
42.85,-73.95,2017,6,71.396428571428586,6.0928571428571425,1
42.85,-73.95,2017,8,72.632258064516122,5.0290322580645164,3
40.639,-74.146,2017,10,63.56774193548388,0.0,0
40.639,-74.146,2017,1,37.513333333333328,0.0,0
40.639,-74.146,2017,7,76.890322580645162,0.0,0
40.639,-74.146,2017,3,39.2,0.0,0
40.639,-74.146,2017,11,47.089655172413806,0.0,0
40.639,-74.146,2017,8,73.970967741935482,0.0,0
40.639,-74.146,2017,4,55.843333333333341,0.0,0
40.639,-74.146,2017,5,60.841935483870962,0.0,0
40.639,-74.146,2017,12,35.416129032258063,0.0,0
40.639,-74.146,2017,6,72.556666666666658,0.0,0
40.639,-74.146,2017,9,70.240000000000023,0.0,0
40.639,-74.146,2017,2,40.6857142857143,0.0,0
43.338,-73.61,2017,10,54.232258064516124,4.4064516129032265,13
43.338,-73.61,2017,1,29.712903225806457,4.7935483870967746,9
43.338,-73.61,2017,11,36.043333333333329,4.6133333333333324,11
43.338,-73.61,2017,8,66.161290322580655,3.5741935483870964,12
43.338,-73.61,2017,5,56.6925925925926,5.2703703703703688,18
43.338,-73.61,2017,3,29.493548387096773,5.8161290322580639,12
43.338,-73.61,2017,4,50.420000000000009,5.6866666666666665,17
43.338,-73.61,2017,12,21.464516129032262,3.7161290322580647,7
43.338,-73.61,2017,2,31.225000000000009,5.05357142857143,5
43.338,-73.61,2017,6,64.966666666666669,4.7066666666666661,15
43.338,-73.61,2017,9,62.463333333333338,3.2699999999999996,9
43.338,-73.61,2017,7,68.264516129032273,3.8935483870967742,13
42.483,-76.467,2017,11,37.879999999999995,8.56,17
42.483,-76.467,2017,2,33.782142857142851,9.0571428571428569,11
42.483,-76.467,2017,8,65.751612903225791,5.119354838709679,14
42.483,-76.467,2017,7,68.693548387096811,4.5903225806451617,13
42.483,-76.467,2017,4,50.97999999999999,7.9366666666666674,15
42.483,-76.467,2017,9,61.720000000000013,4.5066666666666686,11
42.483,-76.467,2017,5,55.167741935483875,7.1967741935483875,21
42.483,-76.467,2017,6,65.666666666666671,6.1033333333333335,14
42.483,-76.467,2017,1,29.661290322580648,8.0193548387096758,16
42.483,-76.467,2017,12,25.596774193548388,7.5290322580645164,7
42.483,-76.467,2017,10,55.632258064516144,7.2032258064516119,16
42.483,-76.467,2017,3,30.216129032258063,9.4903225806451612,11
44.65,-73.467,2017,4,47.346666666666671,6.0400000000000009,19
44.65,-73.467,2017,3,25.770967741935483,6.6000000000000014,11
44.65,-73.467,2017,9,62.479999999999983,3.6533333333333338,9
44.65,-73.467,2017,11,36.149999999999991,5.7333333333333325,13
44.65,-73.467,2017,2,28.010714285714286,5.6678571428571427,5
44.65,-73.467,2017,10,55.732258064516131,5.3129032258064512,12
44.65,-73.467,2017,6,64.946666666666658,4.8433333333333337,17
44.65,-73.467,2017,1,28.345161290322579,5.4129032258064518,11
44.65,-73.467,2017,5,54.906451612903226,5.774193548387097,19
44.65,-73.467,2017,7,68.048387096774192,4.3193548387096783,16
44.65,-73.467,2017,12,20.583870967741934,4.1999999999999993,7
44.65,-73.467,2017,8,66.706451612903209,4.161290322580645,15
43.333,-78.717,2017,12,30.159259259259258,12.355555555555554,0
43.333,-78.717,2017,6,65.230000000000032,7.453333333333334,0
43.333,-78.717,2017,5,52.458064516129035,9.6,0
43.333,-78.717,2017,3,33.083333333333336,13.829166666666671,0
43.333,-78.717,2017,11,41.656666666666666,10.826666666666668,0
43.333,-78.717,2017,2,32.477272727272727,11.845454545454546,0
43.333,-78.717,2017,10,58.009677419354844,9.0354838709677416,0
43.333,-78.717,2017,8,68.648387096774172,7.3903225806451625,0
43.333,-78.717,2017,1,31.628571428571437,10.885714285714283,0
43.333,-78.717,2017,7,69.4774193548387,6.4064516129032247,0
43.333,-78.717,2017,4,47.360000000000007,10.313333333333336,0
43.333,-78.717,2017,9,64.556666666666658,6.6499999999999986,0
42.643,-77.056,2017,5,56.254838709677415,5.9290322580645167,24
42.643,-77.056,2017,2,35.425,7.9642857142857135,11
42.643,-77.056,2017,10,58.064516129032256,6.6580645161290324,15
42.643,-77.056,2017,9,63.740000000000023,3.8033333333333337,11
42.643,-77.056,2017,12,27.06451612903226,7.3290322580645162,6
42.643,-77.056,2017,6,67.109999999999985,6.3466666666666658,20
42.643,-77.056,2017,7,70.929032258064524,4.5548387096774192,15
42.643,-77.056,2017,1,31.661290322580641,7.541935483870966,13
42.643,-77.056,2017,8,68.1,4.9741935483870963,14
42.643,-77.056,2017,3,32.20322580645162,7.7419354838709671,12
42.643,-77.056,2017,11,39.85,7.6999999999999993,16
42.643,-77.056,2017,4,51.6,6.706666666666667,13
40.8,-73.77,2017,6,69.343333333333334,6.2566666666666668,0
40.8,-73.77,2017,7,74.170967741935485,5.83225806451613,0
40.8,-73.77,2017,2,39.1074074074074,9.5629629629629651,0
40.8,-73.77,2017,3,37.22258064516128,10.293548387096775,0
40.8,-73.77,2017,4,52.163333333333327,6.87,0
40.8,-73.77,2017,10,63.467741935483865,8.4161290322580662,0
40.8,-73.77,2017,5,58.780645161290309,7.6161290322580637,0
40.8,-73.77,2017,12,35.429032258064517,9.9354838709677438,0
40.8,-73.77,2017,8,72.806451612903231,5.0193548387096785,0
40.8,-73.77,2017,1,36.486363636363635,7.3999999999999995,0
40.8,-73.77,2017,9,68.98333333333332,7.4600000000000009,0
40.8,-73.77,2017,11,47.175862068965522,9.6482758620689673,0
40.96,-72.252,2017,8,68.609677419354824,3.9419354838709677,11
40.96,-72.252,2017,6,65.14,5.5833333333333339,13
40.96,-72.252,2017,10,58.832258064516139,5.6806451612903208,12
40.96,-72.252,2017,4,50.221428571428575,6.4571428571428573,14
40.96,-72.252,2017,2,36.760714285714293,6.2214285714285715,8
40.96,-72.252,2017,12,33.235483870967727,5.9193548387096779,12
40.96,-72.252,2017,11,44.836666666666666,5.9466666666666663,11
40.96,-72.252,2017,7,70.738709677419365,4.6161290322580628,13
40.96,-72.252,2017,5,55.412903225806453,6.4387096774193555,16
40.96,-72.252,2017,9,65.419999999999987,5.5299999999999976,9
40.96,-72.252,2017,1,35.396774193548396,6.3677419354838687,14
40.96,-72.252,2017,3,35.190000000000005,8.2566666666666659,8
44.682,-75.466,2017,2,28.496428571428563,6.4071428571428575,8
44.682,-75.466,2017,7,68.880645161290332,3.8677419354838714,15
44.682,-75.466,2017,1,27.470967741935482,5.7064516129032254,12
44.682,-75.466,2017,6,65.273333333333341,5.0533333333333328,17
44.682,-75.466,2017,12,19.06774193548387,5.1225806451612907,5
44.682,-75.466,2017,8,66.764516129032273,3.5709677419354842,15
44.682,-75.466,2017,9,63.193333333333328,2.9066666666666667,8
44.682,-75.466,2017,4,51.415384615384617,6.7230769230769232,8
44.682,-75.466,2017,10,55.232258064516138,5.2612903225806438,16
44.682,-75.466,2017,5,55.406451612903211,5.4290322580645158,21
44.682,-75.466,2017,11,36.266666666666673,5.6533333333333324,16
44.682,-75.466,2017,3,24.43333333333333,7.3904761904761909,7
43.234,-75.412,2017,4,49.490000000000009,7.2333333333333325,17
43.234,-75.412,2017,5,55.170967741935485,6.8741935483870957,20
43.234,-75.412,2017,7,69.090322580645164,4.3096774193548386,15
43.234,-75.412,2017,2,31.114285714285714,7.8392857142857144,7
43.234,-75.412,2017,10,55.519354838709674,5.4580645161290331,15
43.234,-75.412,2017,6,64.810000000000016,5.55,20
43.234,-75.412,2017,8,66.841935483870955,4.4612903225806448,11
43.234,-75.412,2017,1,28.277419354838717,6.8645161290322578,14
43.234,-75.412,2017,11,37.413333333333327,6.5633333333333335,16
43.234,-75.412,2017,9,62.713333333333324,3.4199999999999995,10
43.234,-75.412,2017,3,28.035483870967735,8.4516129032258061,9
43.234,-75.412,2017,12,23.438709677419357,6.1709677419354838,7
44.05,-75.733,2017,4,48.673333333333346,8.7433333333333323,20
44.05,-75.733,2017,6,65.023333333333326,7.8466666666666693,19
44.05,-75.733,2017,12,20.277419354838713,6.7161290322580651,9
44.05,-75.733,2017,7,68.812903225806437,6.2387096774193553,20
44.05,-75.733,2017,11,36.123333333333335,7.9,18
44.05,-75.733,2017,10,55.493548387096766,8.2516129032258068,18
44.05,-75.733,2017,3,26.774193548387103,8.3612903225806452,14
44.05,-75.733,2017,2,29.625,8.3821428571428562,12
44.05,-75.733,2017,9,62.939999999999991,4.9333333333333336,9
44.05,-75.733,2017,1,26.906451612903226,8.4774193548387089,19
44.05,-75.733,2017,8,66.980645161290326,6.2387096774193544,16
44.05,-75.733,2017,5,54.667741935483882,8.009677419354837,21
42.15,-79.25,2018,10,48.674193548387095,7.5677419354838715,20
42.15,-79.25,2018,3,28.77586206896552,8.68275862068966,8
42.15,-79.25,2018,8,69.1741935483871,6.1354838709677422,13
42.15,-79.25,2018,2,25.39411764705882,8.5750000000000011,6
42.15,-79.25,2018,11,39.141666666666666,8.7083333333333339,9
42.15,-79.25,2018,7,69.529032258064518,5.7483870967741941,13
42.15,-79.25,2018,6,64.373333333333321,6.4466666666666672,16
42.15,-79.25,2018,4,37.466666666666676,8.59,17
42.15,-79.25,2018,9,63.8,5.84,10
42.15,-79.25,2018,1,22.835714285714285,9.3785714285714281,7
42.15,-79.25,2018,5,62.445161290322574,6.6258064516129034,16
42.159,-76.892,2018,11,43.18333333333333,5.3,7
42.159,-76.892,2018,9,65.789999999999978,3.3633333333333333,15
42.159,-76.892,2018,7,72.061290322580646,3.8612903225806456,15
42.159,-76.892,2018,6,66.52,4.4066666666666672,12
42.159,-76.892,2018,2,32.80714285714285,4.7999999999999989,12
42.159,-76.892,2018,1,24.06451612903226,5.7516129032258068,8
42.159,-76.892,2018,3,33.187096774193549,6.5387096774193525,6
42.159,-76.892,2018,4,41.243333333333332,6.416666666666667,13
42.159,-76.892,2018,8,72.0258064516129,3.8096774193548395,16
42.159,-76.892,2018,5,64.329032258064515,4.5258064516129028,16
42.159,-76.892,2018,10,50.829032258064522,4.5225806451612893,17
43.067,-79.017,2018,4,37.224000000000004,0.0,0
43.067,-79.017,2018,1,25.123333333333335,0.0,0
43.067,-79.017,2018,3,31.974193548387095,0.0,0
43.067,-79.017,2018,2,31.274999999999988,0.0,0
42.571,-77.713,2018,11,43.033333333333339,5.0333333333333332,7
42.571,-77.713,2018,6,67.59,5.4833333333333334,15
42.571,-77.713,2018,4,40.956666666666671,6.5033333333333339,13
42.571,-77.713,2018,2,34.696428571428562,6.2857142857142856,8
42.571,-77.713,2018,8,72.454838709677418,4.5709677419354833,18
42.571,-77.713,2018,1,24.674193548387098,6.564516129032258,7
42.571,-77.713,2018,3,32.522580645161291,6.4258064516129032,6
42.571,-77.713,2018,9,66.97,4.6199999999999983,15
42.571,-77.713,2018,7,73.822580645161324,5.34516129032258,15
42.571,-77.713,2018,5,65.154838709677435,5.62258064516129,14
42.571,-77.713,2018,10,51.464516129032262,5.1258064516129034,17
43.117,-77.677,2018,10,51.067741935483866,7.5612903225806445,20
43.117,-77.677,2018,7,75.241935483870961,6.4258064516129023,14
43.117,-77.677,2018,4,40.293333333333337,9.29,15
43.117,-77.677,2018,11,43.066666666666663,8.425,8
43.117,-77.677,2018,1,25.393548387096775,9.9161290322580644,10
43.117,-77.677,2018,3,32.512903225806447,8.77741935483871,5
43.117,-77.677,2018,5,65.022580645161284,7.6548387096774189,11
43.117,-77.677,2018,6,67.976666666666688,6.82,14
43.117,-77.677,2018,8,73.525806451612922,6.4967741935483865,19
43.117,-77.677,2018,2,33.73571428571428,8.8571428571428577,11
43.117,-77.677,2018,9,67.666666666666671,6.2299999999999995,14
42.207,-75.98,2018,4,38.276666666666664,8.1000000000000014,14
42.207,-75.98,2018,8,69.3741935483871,5.55483870967742,17
42.207,-75.98,2018,5,61.161290322580633,6.5096774193548379,17
42.207,-75.98,2018,11,40.383333333333333,7.8,8
42.207,-75.98,2018,9,62.713333333333324,5.9866666666666655,11
42.207,-75.98,2018,6,63.996666666666677,6.3266666666666671,13
42.207,-75.98,2018,2,30.525000000000002,7.6892857142857123,12
42.207,-75.98,2018,7,70.180645161290315,5.72258064516129,15
42.207,-75.98,2018,1,21.341935483870973,8.1709677419354847,5
42.207,-75.98,2018,3,28.62903225806452,8.7032258064516128,6
42.207,-75.98,2018,10,47.909677419354843,7.0419354838709687,20
41.509,-74.265,2018,11,45.0,4.9,8
41.509,-74.265,2018,7,74.264516129032245,4.248387096774195,18
41.509,-74.265,2018,8,73.787096774193543,4.3870967741935489,18
41.509,-74.265,2018,4,43.37,6.3866666666666676,16
41.509,-74.265,2018,9,66.6866666666667,3.9166666666666661,19
41.509,-74.265,2018,3,36.332258064516139,7.6935483870967731,8
41.509,-74.265,2018,5,63.490322580645142,4.9709677419354836,21
41.509,-74.265,2018,1,25.290322580645164,6.0903225806451617,5
41.509,-74.265,2018,6,68.046666666666681,4.413333333333334,14
41.509,-74.265,2018,10,52.141935483870967,5.1516129032258071,20
41.509,-74.265,2018,2,34.125000000000007,5.0321428571428566,18
43.111,-76.104,2018,10,49.822580645161295,7.3387096774193559,22
43.111,-76.104,2018,6,66.0,6.3,13
43.111,-76.104,2018,1,22.377419354838711,7.7322580645161292,10
43.111,-76.104,2018,7,73.767741935483869,5.8322580645161288,13
43.111,-76.104,2018,9,65.543333333333322,5.626666666666666,12
43.111,-76.104,2018,2,32.042857142857144,7.8535714285714278,14
43.111,-76.104,2018,11,41.650000000000006,8.1833333333333336,8
43.111,-76.104,2018,5,63.0,6.1709677419354838,13
43.111,-76.104,2018,4,39.306666666666672,9.1033333333333317,17
43.111,-76.104,2018,3,30.59333333333333,8.3033333333333328,6
43.111,-76.104,2018,8,72.4774193548387,5.7064516129032237,16
42.683,-79.05,2018,1,26.799999999999997,0.0,0
42.683,-79.05,2018,3,29.722580645161294,0.0,0
42.683,-79.05,2018,4,38.115789473684217,0.0,0
42.683,-79.05,2018,2,30.735714285714284,0.0,0
40.701,-74.014,2018,2,40.378571428571419,0.0,0
40.701,-74.014,2018,3,39.174193548387095,0.0,0
40.701,-74.014,2018,4,46.528000000000006,0.0,0
40.701,-74.014,2018,1,31.486666666666672,0.0,0
42.44,-76.246,2018,11,41.258333333333333,,0
42.44,-76.246,2018,8,66.25,,0
42.44,-76.246,2018,9,63.22,,0
42.44,-76.246,2018,10,48.519354838709681,,0
42.241,-78.371,2018,7,66.893548387096786,4.306451612903226,17
42.241,-78.371,2018,5,58.176190476190484,4.6928571428571413,24
42.241,-78.371,2018,1,18.690625,6.8593749999999991,5
42.241,-78.371,2018,11,37.141666666666666,6.1083333333333325,8
42.241,-78.371,2018,4,35.023333333333341,5.8900000000000006,12
42.241,-78.371,2018,6,61.036666666666669,4.7366666666666672,17
42.241,-78.371,2018,3,26.076470588235292,6.1735294117647044,6
42.241,-78.371,2018,8,65.613333333333316,3.737931034482759,18
42.241,-78.371,2018,9,60.643333333333338,4.58,13
42.241,-78.371,2018,10,45.406451612903226,5.04516129032258,18
42.241,-78.371,2018,2,29.089285714285708,6.4321428571428561,13
43.267,-79.067,2018,1,26.533333333333331,10.483333333333333,0
43.267,-79.067,2018,3,32.8741935483871,9.59354838709677,0
43.267,-79.067,2018,4,36.568,8.9400000000000013,0
43.267,-79.067,2018,2,32.635714285714293,8.6428571428571441,0
42.747,-73.799,2018,2,32.935714285714283,7.9535714285714292,14
42.747,-73.799,2018,4,41.826666666666661,8.0566666666666666,18
42.747,-73.799,2018,9,66.919999999999987,4.7933333333333339,11
42.747,-73.799,2018,3,34.416129032258063,8.53225806451613,7
42.747,-73.799,2018,10,51.1516129032258,6.8612903225806461,17
42.747,-73.799,2018,5,64.332258064516125,6.0741935483870968,17
42.747,-73.799,2018,8,74.729032258064535,5.00967741935484,20
42.747,-73.799,2018,11,44.458333333333329,5.9,8
42.747,-73.799,2018,7,76.712903225806443,4.993548387096773,14
42.747,-73.799,2018,1,23.661290322580641,7.9709677419354836,7
42.747,-73.799,2018,6,68.266666666666666,5.9333333333333327,15
44.703,-75.495,2018,4,36.3,0.0,0
44.703,-75.495,2018,1,20.044444444444444,0.0,0
44.703,-75.495,2018,3,30.625806451612906,0.0,0
44.703,-75.495,2018,2,26.989285714285721,0.0,0
40.794,-73.102,2018,1,30.599999999999994,9.6354838709677431,8
40.794,-73.102,2018,11,50.608333333333334,8.2166666666666668,6
40.794,-73.102,2018,4,45.929999999999993,9.6233333333333331,15
40.794,-73.102,2018,3,37.948387096774191,10.893548387096775,10
40.794,-73.102,2018,9,69.590000000000018,6.8566666666666665,14
40.794,-73.102,2018,6,68.203333333333333,7.1499999999999995,12
40.794,-73.102,2018,2,38.957142857142856,7.9785714285714278,18
40.794,-73.102,2018,10,56.690322580645152,7.9032258064516139,17
40.794,-73.102,2018,5,61.896774193548389,7.1032258064516141,18
40.794,-73.102,2018,7,75.3774193548387,7.3645161290322578,10
40.794,-73.102,2018,8,76.51612903225805,6.9290322580645167,14
41.073,-71.923,2018,11,52.566666666666663,8.5166666666666657,0
41.073,-71.923,2018,2,40.353571428571414,6.8642857142857148,0
41.073,-71.923,2018,3,40.458064516129035,9.6387096774193566,0
41.073,-71.923,2018,9,69.13103448275865,5.1344827586206909,0
41.073,-71.923,2018,7,73.0967741935484,4.0870967741935473,0
41.073,-71.923,2018,5,58.63225806451613,4.9258064516129032,0
41.073,-71.923,2018,10,57.093548387096774,7.22258064516129,0
41.073,-71.923,2018,8,75.906451612903226,4.7483870967741932,0
41.073,-71.923,2018,6,65.273333333333312,4.5533333333333346,0
41.073,-71.923,2018,4,46.216666666666669,7.4499999999999993,0
41.073,-71.923,2018,1,33.480645161290319,9.0387096774193516,0
40.639,-73.762,2018,9,70.363333333333316,8.3866666666666667,15
40.639,-73.762,2018,1,30.548387096774196,11.63548387096774,7
40.639,-73.762,2018,5,62.658064516129024,8.2064516129032228,17
40.639,-73.762,2018,2,39.5,9.2785714285714285,16
40.639,-73.762,2018,11,51.18333333333333,10.491666666666664,6
40.639,-73.762,2018,6,69.2,8.6800000000000015,13
40.639,-73.762,2018,3,38.864516129032253,13.216129032258063,13
40.639,-73.762,2018,10,57.890322580645169,10.5,15
40.639,-73.762,2018,7,75.9,9.09032258064516,12
40.639,-73.762,2018,8,77.361290322580629,8.870967741935484,15
40.639,-73.762,2018,4,46.706666666666663,11.916666666666668,15
40.822,-72.869,2018,6,67.533333333333331,5.8833333333333337,13
40.822,-72.869,2018,4,45.543333333333337,7.83,16
40.822,-72.869,2018,5,61.093548387096774,5.4387096774193564,17
40.822,-72.869,2018,11,50.325,6.7416666666666663,7
40.822,-72.869,2018,7,74.922580645161275,6.0419354838709678,10
40.822,-72.869,2018,1,30.358064516129033,8.3935483870967715,10
40.822,-72.869,2018,8,76.2290322580645,5.4290322580645176,11
40.822,-72.869,2018,2,39.064285714285724,6.6678571428571427,20
40.822,-72.869,2018,10,56.199999999999996,6.3000000000000016,16
40.822,-72.869,2018,9,68.933333333333351,4.5333333333333341,15
40.822,-72.869,2018,3,38.158064516129038,8.8354838709677423,12
43.25,-77.583,2018,2,34.114285714285707,10.435714285714289,0
43.25,-77.583,2018,3,32.670967741935492,11.793548387096774,0
43.25,-77.583,2018,1,28.31481481481481,11.525925925925925,0
43.25,-77.583,2018,4,37.436000000000007,11.244000000000002,0
41.067,-73.708,2018,4,44.943333333333328,8.3533333333333317,15
41.067,-73.708,2018,3,36.770967741935472,10.45806451612903,6
41.067,-73.708,2018,11,48.466666666666669,6.6083333333333343,6
41.067,-73.708,2018,8,75.2451612903226,4.6741935483870973,18
41.067,-73.708,2018,5,63.058064516129036,5.3645161290322587,17
41.067,-73.708,2018,2,37.56428571428571,6.2035714285714292,17
41.067,-73.708,2018,10,54.470967741935482,6.2999999999999989,18
41.067,-73.708,2018,1,28.003225806451614,8.3258064516129018,6
41.067,-73.708,2018,7,74.770967741935465,5.3290322580645171,14
41.067,-73.708,2018,6,68.29,5.7099999999999991,14
41.067,-73.708,2018,9,67.696666666666673,4.94,16
41.5,-74.1,2018,8,74.603225806451633,4.3612903225806452,12
41.5,-74.1,2018,3,36.183870967741925,7.66774193548387,7
41.5,-74.1,2018,1,26.235483870967737,6.0677419354838706,6
41.5,-74.1,2018,7,75.329032258064515,4.0225806451612911,11
41.5,-74.1,2018,11,45.766666666666666,5.2666666666666657,6
41.5,-74.1,2018,10,52.690322580645152,5.3838709677419354,16
41.5,-74.1,2018,4,43.963333333333331,6.6066666666666665,11
41.5,-74.1,2018,9,66.659999999999982,3.73,12
41.5,-74.1,2018,6,68.613333333333344,4.3500000000000005,11
41.5,-74.1,2018,2,35.121428571428574,4.7892857142857137,15
41.5,-74.1,2018,5,64.348387096774189,4.7870967741935475,16
44.385,-74.207,2018,6,58.716666666666661,4.2899999999999991,16
44.385,-74.207,2018,3,24.353333333333335,4.59,4
44.385,-74.207,2018,10,41.964516129032262,5.3387096774193541,20
44.385,-74.207,2018,2,24.750000000000004,6.0714285714285721,12
44.385,-74.207,2018,4,32.286666666666676,5.6466666666666665,14
44.385,-74.207,2018,5,54.964516129032262,4.9838709677419359,14
44.385,-74.207,2018,1,14.216129032258067,5.8166666666666664,7
44.385,-74.207,2018,8,65.4774193548387,3.6451612903225814,16
44.385,-74.207,2018,9,57.99,4.2266666666666657,9
44.385,-74.207,2018,7,67.303225806451636,4.1967741935483875,12
44.385,-74.207,2018,11,35.391666666666666,5.175,8
43.35,-76.385,2018,6,65.13666666666667,4.8666666666666663,12
43.35,-76.385,2018,8,72.3774193548387,4.0161290322580649,22
43.35,-76.385,2018,11,42.483333333333334,6.5750000000000011,9
43.35,-76.385,2018,2,32.057142857142864,6.8642857142857139,11
43.35,-76.385,2018,4,39.348275862068974,7.8000000000000007,15
43.35,-76.385,2018,1,23.816129032258065,6.8193548387096774,10
43.35,-76.385,2018,9,65.36,3.8366666666666669,13
43.35,-76.385,2018,3,31.919354838709676,8.006451612903227,7
43.35,-76.385,2018,5,62.70967741935484,5.2999999999999989,11
43.35,-76.385,2018,10,50.161290322580641,6.0516129032258066,23
43.35,-76.385,2018,7,73.693548387096769,4.274193548387097,13
43.267,-77.617,2018,2,33.928571428571423,0.0,0
43.267,-77.617,2018,3,32.683870967741939,0.0,0
43.267,-77.617,2018,4,37.484,0.0,0
43.267,-77.617,2018,1,26.25333333333333,0.0,0
41.786,-73.742,2018,9,64.516666666666666,,0
41.786,-73.742,2018,10,50.948387096774205,,0
41.786,-73.742,2018,11,44.766666666666666,,0
41.786,-73.742,2018,8,71.95,,0
42.109,-77.992,2018,8,70.245161290322585,5.6290322580645151,13
42.109,-77.992,2018,6,64.693333333333328,5.8099999999999987,17
42.109,-77.992,2018,10,49.741935483870961,7.6774193548387091,17
42.109,-77.992,2018,11,40.733333333333334,8.7166666666666668,7
42.109,-77.992,2018,7,70.083870967741944,5.1580645161290324,17
42.109,-77.992,2018,4,38.45000000000001,9.293333333333333,15
42.109,-77.992,2018,3,28.900000000000002,9.292592592592591,6
42.109,-77.992,2018,1,23.43548387096774,9.4741935483870954,11
42.109,-77.992,2018,2,33.017857142857132,8.196428571428573,14
42.109,-77.992,2018,9,64.031034482758614,5.4793103448275859,16
42.109,-77.992,2018,5,63.493548387096759,6.4129032258064518,16
43.108,-78.938,2018,2,32.932142857142864,10.314285714285713,9
43.108,-78.938,2018,1,25.835483870967739,11.819354838709677,8
43.108,-78.938,2018,8,72.490322580645142,7.3580645161290317,13
43.108,-78.938,2018,3,33.27741935483872,9.506451612903227,8
43.108,-78.938,2018,6,69.493333333333339,7.16,12
43.108,-78.938,2018,9,65.926666666666677,6.9833333333333325,10
43.108,-78.938,2018,10,49.674193548387095,9.1903225806451587,21
43.108,-78.938,2018,4,40.199999999999996,9.8599999999999977,18
43.108,-78.938,2018,5,65.06451612903227,7.9000000000000012,11
43.108,-78.938,2018,7,75.141935483870967,6.845161290322582,11
43.108,-78.938,2018,11,40.55833333333333,9.45,6
41.701,-74.795,2018,3,30.965517241379306,7.855172413793106,8
41.701,-74.795,2018,6,65.1346153846154,5.3653846153846141,14
41.701,-74.795,2018,2,30.546428571428574,5.5249999999999986,15
41.701,-74.795,2018,11,41.533333333333339,6.4416666666666673,7
41.701,-74.795,2018,5,56.9,5.2,0
41.701,-74.795,2018,4,39.396551724137929,7.3206896551724139,17
41.701,-74.795,2018,8,70.5516129032258,4.3193548387096774,19
41.701,-74.795,2018,10,48.680645161290322,5.92258064516129,23
41.701,-74.795,2018,7,72.095454545454544,4.4090909090909083,7
41.701,-74.795,2018,9,63.230000000000011,4.3866666666666685,18
41.701,-74.795,2018,1,22.14193548387097,6.84516129032258,8
40.701,-74.009,2018,4,49.033333333333331,6.6599999999999993,13
40.701,-74.009,2018,2,41.635714285714279,5.7285714285714286,17
40.701,-74.009,2018,11,54.3909090909091,7.245454545454546,6
40.701,-74.009,2018,7,78.194444444444457,,6
40.701,-74.009,2018,5,65.27272727272728,5.922727272727272,12
40.701,-74.009,2018,3,40.716129032258074,6.9516129032258061,13
40.701,-74.009,2018,9,72.603448275862064,6.3937499999999989,11
40.701,-74.009,2018,8,79.736666666666665,,13
40.701,-74.009,2018,10,59.777419354838706,6.03225806451613,12
40.701,-74.009,2018,1,29.171428571428571,6.4523809523809508,4
40.701,-74.009,2018,6,71.87,2.65,13
40.844,-72.632,2018,11,49.133333333333333,7.3166666666666673,7
40.844,-72.632,2018,3,37.893548387096772,10.348387096774195,14
40.844,-72.632,2018,2,38.057142857142857,7.1857142857142851,19
40.844,-72.632,2018,6,65.806666666666644,5.9766666666666666,11
40.844,-72.632,2018,7,73.509677419354844,5.9,9
40.844,-72.632,2018,9,68.313333333333318,5.8866666666666658,14
40.844,-72.632,2018,8,75.1774193548387,5.7645161290322573,11
40.844,-72.632,2018,1,29.422580645161293,9.00967741935484,8
40.844,-72.632,2018,10,55.187096774193535,6.9516129032258069,14
40.844,-72.632,2018,4,43.86666666666666,8.1533333333333324,17
40.844,-72.632,2018,5,59.070967741935483,5.9483870967741943,17
41.626,-73.882,2018,8,74.406451612903226,3.0806451612903221,12
41.626,-73.882,2018,11,45.216666666666669,3.9833333333333338,6
41.626,-73.882,2018,3,36.574193548387093,7.0161290322580649,4
41.626,-73.882,2018,1,25.383870967741935,4.60967741935484,5
41.626,-73.882,2018,7,74.764516129032245,3.36774193548387,13
41.626,-73.882,2018,10,52.49677419354839,4.2193548387096778,14
41.626,-73.882,2018,9,66.23,2.746666666666667,13
41.626,-73.882,2018,5,63.783870967741933,3.629032258064516,16
41.626,-73.882,2018,4,43.923333333333332,5.36,11
41.626,-73.882,2018,6,68.033333333333331,3.5366666666666671,12
41.626,-73.882,2018,2,34.567857142857136,3.5892857142857144,16
44.936,-74.846,2018,4,38.573333333333338,8.5233333333333317,16
44.936,-74.846,2018,6,64.983333333333334,5.5066666666666677,16
44.936,-74.846,2018,8,72.203225806451627,5.2290322580645174,13
44.936,-74.846,2018,10,45.929032258064517,7.6161290322580637,19
44.936,-74.846,2018,3,29.91612903225807,6.9193548387096779,5
44.936,-74.846,2018,11,39.099999999999994,7.775,8
44.936,-74.846,2018,1,17.009677419354841,8.6677419354838712,8
44.936,-74.846,2018,7,73.899999999999991,5.4451612903225808,9
44.936,-74.846,2018,2,26.80714285714286,7.1321428571428571,8
44.936,-74.846,2018,9,64.156666666666652,5.5466666666666669,12
44.936,-74.846,2018,5,60.545161290322575,6.790322580645161,15
40.734,-73.417,2018,3,38.109677419354831,9.7935483870967737,8
40.734,-73.417,2018,5,62.183870967741939,6.4806451612903206,14
40.734,-73.417,2018,1,30.296774193548391,8.387096774193548,7
40.734,-73.417,2018,11,50.175,7.9333333333333327,6
40.734,-73.417,2018,9,69.456666666666663,6.753333333333333,13
40.734,-73.417,2018,8,76.741935483870947,6.774193548387097,13
40.734,-73.417,2018,10,56.396774193548389,7.3774193548387093,11
40.734,-73.417,2018,7,75.677419354838719,7.6354838709677422,9
40.734,-73.417,2018,4,46.153333333333329,9.0366666666666688,11
40.734,-73.417,2018,6,68.576666666666654,7.120000000000001,10
40.734,-73.417,2018,2,39.342857142857135,7.2071428571428573,18
42.017,-73.917,2018,1,26.136666666666663,0.0,0
42.017,-73.917,2018,2,35.31428571428571,0.0,0
42.017,-73.917,2018,3,37.141935483870974,0.0,0
42.017,-73.917,2018,4,42.076,0.0,0
41.05,-71.97,2018,4,42.715999999999994,0.0,0
41.05,-71.97,2018,2,38.746428571428574,0.0,0
41.05,-71.97,2018,1,31.446666666666673,0.0,0
41.05,-71.97,2018,3,37.9774193548387,0.0,0
40.779,-73.88,2018,2,41.439285714285717,8.7642857142857125,17
40.779,-73.88,2018,5,66.409677419354821,7.654838709677418,19
40.779,-73.88,2018,9,72.34333333333332,8.28,15
40.779,-73.88,2018,6,72.4666666666667,8.06,15
40.779,-73.88,2018,7,79.429032258064538,8.3580645161290317,14
40.779,-73.88,2018,8,80.567741935483852,7.9096774193548391,16
40.779,-73.88,2018,1,31.532258064516125,10.964516129032253,7
40.779,-73.88,2018,10,59.538709677419362,9.6161290322580637,13
40.779,-73.88,2018,11,53.016666666666666,9.5499999999999989,6
40.779,-73.88,2018,3,40.416129032258056,11.964516129032258,10
40.779,-73.88,2018,4,48.850000000000009,10.809999999999997,12
40.779,-73.969,2018,11,51.733333333333334,,6
40.779,-73.969,2018,4,48.82,5.4866666666666655,12
40.779,-73.969,2018,10,57.487096774193553,2.0615384615384618,12
40.779,-73.969,2018,7,77.106451612903228,2.435483870967742,15
40.779,-73.969,2018,6,71.219999999999985,2.7966666666666664,16
40.779,-73.969,2018,5,66.112903225806463,2.7935483870967741,16
40.779,-73.969,2018,8,77.783870967741933,2.5354838709677416,17
40.779,-73.969,2018,3,39.645161290322584,6.3290322580645162,7
40.779,-73.969,2018,1,31.693548387096776,5.9774193548387089,4
40.779,-73.969,2018,2,41.364285714285714,4.8035714285714288,16
40.779,-73.969,2018,9,70.456666666666678,2.8919999999999995,17
43.992,-76.022,2018,6,63.766666666666666,5.8133333333333344,14
43.992,-76.022,2018,5,59.980645161290319,6.0548387096774192,10
43.992,-76.022,2018,7,72.877419354838736,5.5999999999999988,11
43.992,-76.022,2018,3,30.409677419354832,7.2935483870967737,5
43.992,-76.022,2018,2,30.064285714285717,7.6357142857142843,9
43.992,-76.022,2018,4,38.063333333333333,8.4233333333333338,18
43.992,-76.022,2018,10,47.845161290322565,7.33225806451613,21
43.992,-76.022,2018,9,64.223333333333343,5.5066666666666677,8
43.992,-76.022,2018,1,20.393548387096775,8.1096774193548384,9
43.992,-76.022,2018,11,41.291666666666664,7.9833333333333325,7
43.992,-76.022,2018,8,71.651612903225811,5.3967741935483859,17
42.493,-79.272,2018,10,52.264516129032266,8.6354838709677413,17
42.493,-79.272,2018,4,38.73,8.9799999999999986,15
42.493,-79.272,2018,2,32.707142857142863,9.175,11
42.493,-79.272,2018,6,66.416666666666686,6.7366666666666664,13
42.493,-79.272,2018,3,29.77741935483871,7.8709677419354822,8
42.493,-79.272,2018,5,62.803225806451614,7.064516129032258,15
42.493,-79.272,2018,9,66.78,6.4133333333333331,12
42.493,-79.272,2018,7,73.396774193548382,6.3387096774193541,11
42.493,-79.272,2018,8,72.296774193548387,6.7032258064516128,14
42.493,-79.272,2018,11,42.716666666666669,9.5916666666666668,8
42.493,-79.272,2018,1,25.835483870967742,11.080645161290322,8
42.941,-78.736,2018,5,64.819354838709685,8.1967741935483875,10
42.941,-78.736,2018,10,50.577419354838696,9.19677419354839,21
42.941,-78.736,2018,1,24.29032258064516,11.367741935483872,9
42.941,-78.736,2018,3,31.506451612903231,9.1290322580645125,6
42.941,-78.736,2018,6,67.413333333333313,7.5399999999999991,13
42.941,-78.736,2018,9,67.143333333333345,7.3433333333333337,12
42.941,-78.736,2018,2,31.799999999999997,10.174999999999999,12
42.941,-78.736,2018,11,41.466666666666669,9.5499999999999989,8
42.941,-78.736,2018,7,74.783870967741933,7.3129032258064521,14
42.941,-78.736,2018,4,38.62,9.9300000000000033,15
42.941,-78.736,2018,8,72.916129032258056,7.8999999999999995,15
42.85,-73.95,2018,11,45.454545454545453,6.3909090909090907,7
42.85,-73.95,2018,2,33.321428571428569,5.9535714285714283,5
42.85,-73.95,2018,4,43.233333333333327,8.57,14
42.85,-73.95,2018,3,35.21290322580645,8.9096774193548409,4
42.85,-73.95,2018,6,71.273333333333326,6.0233333333333343,7
42.85,-73.95,2018,9,67.517241379310349,4.2482758620689642,7
42.85,-73.95,2018,5,66.703448275862058,6.1517241379310352,9
42.85,-73.95,2018,10,51.638709677419349,5.8612903225806461,13
42.85,-73.95,2018,1,25.155172413793103,7.5178571428571406,3
42.85,-73.95,2018,8,76.258064516129039,4.86451612903226,13
42.85,-73.95,2018,7,79.899999999999991,5.5645161290322589,4
40.639,-74.146,2018,2,40.74285714285714,0.0,0
40.639,-74.146,2018,4,47.124,0.0,0
40.639,-74.146,2018,3,39.261290322580635,0.0,0
40.639,-74.146,2018,1,32.900000000000006,0.0,0
43.338,-73.61,2018,2,27.946428571428573,4.3607142857142858,8
43.338,-73.61,2018,9,63.339999999999996,3.5333333333333332,10
43.338,-73.61,2018,8,71.154838709677435,3.6838709677419352,20
43.338,-73.61,2018,6,64.073333333333338,4.4900000000000011,14
43.338,-73.61,2018,5,60.716129032258067,5.1709677419354829,13
43.338,-73.61,2018,11,41.31666666666667,4.0249999999999995,8
43.338,-73.61,2018,1,19.016129032258064,5.0451612903225795,5
43.338,-73.61,2018,3,32.416129032258063,6.2322580645161292,3
43.338,-73.61,2018,10,47.667741935483861,4.7451612903225815,17
43.338,-73.61,2018,4,39.503333333333337,5.9433333333333351,17
43.338,-73.61,2018,7,72.600000000000009,4.1903225806451614,13
42.483,-76.467,2018,2,32.025,8.4821428571428577,12
42.483,-76.467,2018,9,64.3866666666667,5.2133333333333338,9
42.483,-76.467,2018,1,22.593548387096778,9.1709677419354811,9
42.483,-76.467,2018,3,29.661290322580644,8.3645161290322569,7
42.483,-76.467,2018,11,41.758333333333333,7.2749999999999995,7
42.483,-76.467,2018,4,38.730000000000004,8.129999999999999,18
42.483,-76.467,2018,5,61.829032258064508,6.0548387096774183,15
42.483,-76.467,2018,10,49.251612903225805,7.1483870967741945,21
42.483,-76.467,2018,6,64.523333333333312,6.13,15
42.483,-76.467,2018,7,71.158064516129045,5.306451612903226,13
42.483,-76.467,2018,8,70.416129032258056,4.8806451612903246,18
44.65,-73.467,2018,9,62.936666666666667,5.2033333333333331,8
44.65,-73.467,2018,8,71.016129032258078,4.0258064516129028,17
44.65,-73.467,2018,2,28.396428571428572,5.7107142857142863,8
44.65,-73.467,2018,5,59.487096774193539,6.3322580645161288,13
44.65,-73.467,2018,6,63.606666666666669,5.1866666666666674,15
44.65,-73.467,2018,3,31.183870967741932,7.0354838709677416,9
44.65,-73.467,2018,1,18.409677419354843,6.02258064516129,7
44.65,-73.467,2018,7,72.767857142857139,5.0464285714285726,10
44.65,-73.467,2018,10,46.258064516129025,4.967741935483871,20
44.65,-73.467,2018,11,40.43333333333333,5.2166666666666668,8
44.65,-73.467,2018,4,38.853333333333339,5.8033333333333328,18
43.333,-78.717,2018,3,32.641935483870967,11.383870967741935,0
43.333,-78.717,2018,4,36.032000000000004,4.432,0
43.333,-78.717,2018,1,28.939130434782612,11.243478260869566,0
43.333,-78.717,2018,2,33.125,10.062499999999998,0
42.643,-77.056,2018,3,31.345161290322583,7.0516129032258066,4
42.643,-77.056,2018,4,40.109999999999992,7.2266666666666648,12
42.643,-77.056,2018,6,66.506666666666661,5.4533333333333349,15
42.643,-77.056,2018,5,63.964516129032255,5.7387096774193536,11
42.643,-77.056,2018,8,72.222580645161287,4.8612903225806461,14
42.643,-77.056,2018,10,50.87419354838709,6.4774193548387089,20
42.643,-77.056,2018,11,42.291666666666664,6.5666666666666673,7
42.643,-77.056,2018,9,66.009999999999977,4.3533333333333326,12
42.643,-77.056,2018,7,73.187096774193549,5.1161290322580646,13
42.643,-77.056,2018,2,33.217857142857142,7.1464285714285714,9
42.643,-77.056,2018,1,22.403703703703709,7.6444444444444448,4
40.8,-73.77,2018,2,38.657142857142858,8.05,0
40.8,-73.77,2018,4,44.856,10.052000000000001,0
40.8,-73.77,2018,3,38.338709677419345,11.409677419354841,0
40.8,-73.77,2018,1,30.133333333333336,10.156666666666666,0
40.96,-72.252,2018,8,73.93548387096773,5.1416666666666675,11
40.96,-72.252,2018,4,43.013333333333335,6.9966666666666661,16
40.96,-72.252,2018,6,63.986666666666679,4.7833333333333323,13
40.96,-72.252,2018,11,49.516666666666666,7.1499999999999995,7
40.96,-72.252,2018,5,57.3032258064516,5.1,14
40.96,-72.252,2018,9,66.83,5.14,14
40.96,-72.252,2018,1,29.487096774193549,7.1967741935483875,9
40.96,-72.252,2018,3,37.035483870967738,8.0967741935483861,12
40.96,-72.252,2018,2,37.735714285714288,6.0607142857142851,19
40.96,-72.252,2018,7,71.625806451612888,4.9387096774193555,10
40.96,-72.252,2018,10,54.312903225806451,6.0709677419354833,16
44.682,-75.466,2018,10,46.358064516129033,5.2322580645161292,20
44.682,-75.466,2018,4,39.196666666666665,6.3533333333333335,17
44.682,-75.466,2018,2,27.411111111111111,5.9875000000000007,10
44.682,-75.466,2018,11,40.599999999999994,6.0909090909090908,7
44.682,-75.466,2018,9,63.446666666666687,3.6733333333333338,9
44.682,-75.466,2018,8,71.054838709677441,3.5096774193548392,18
44.682,-75.466,2018,1,18.393333333333331,6.6,6
44.682,-75.466,2018,3,31.709677419354836,5.7129032258064516,8
44.682,-75.466,2018,6,64.75333333333333,4.1066666666666656,17
44.682,-75.466,2018,5,61.2,5.2064516129032272,14
44.682,-75.466,2018,7,73.541935483870972,3.8967741935483882,9
43.234,-75.412,2018,10,49.148387096774194,6.2322580645161292,22
43.234,-75.412,2018,4,38.283333333333331,7.8199999999999985,20
43.234,-75.412,2018,6,65.133333333333326,5.2866666666666653,13
43.234,-75.412,2018,9,64.760000000000019,4.7133333333333338,12
43.234,-75.412,2018,3,30.803225806451618,6.9806451612903224,7
43.234,-75.412,2018,2,29.789285714285715,6.4464285714285721,14
43.234,-75.412,2018,5,61.5225806451613,5.7129032258064534,14
43.234,-75.412,2018,8,71.5967741935484,4.5064516129032262,21
43.234,-75.412,2018,11,42.11666666666666,7.3583333333333343,8
43.234,-75.412,2018,7,73.451612903225808,4.9193548387096788,16
43.234,-75.412,2018,1,19.545161290322579,6.225806451612903,10
44.05,-75.733,2018,9,63.817241379310353,6.7413793103448283,12
44.05,-75.733,2018,7,73.787096774193543,6.9129032258064518,12
44.05,-75.733,2018,6,64.466666666666683,6.7400000000000011,16
44.05,-75.733,2018,11,39.908333333333331,8.9916666666666671,9
44.05,-75.733,2018,1,18.396774193548389,8.35483870967742,9
44.05,-75.733,2018,4,37.303333333333335,8.4766666666666648,20
44.05,-75.733,2018,2,29.43214285714286,8.94285714285714,15
44.05,-75.733,2018,10,47.029032258064518,7.3580645161290308,26
44.05,-75.733,2018,5,61.483870967741922,7.96774193548387,14
44.05,-75.733,2018,3,29.451612903225808,6.9387096774193537,9
44.05,-75.733,2018,8,71.958064516129056,6.5967741935483879,22
